4.000000000000000000e+03 0.000000000000000000e+00
4.020000000000000000e+03 0.000000000000000000e+00
4.040000000000000000e+03 0.000000000000000000e+00
4.060000000000000000e+03 0.000000000000000000e+00
4.080000000000000000e+03 0.000000000000000000e+00
4.100000000000000000e+03 0.000000000000000000e+00
4.120000000000000000e+03 0.000000000000000000e+00
4.140000000000000000e+03 0.000000000000000000e+00
4.160000000000000000e+03 0.000000000000000000e+00
4.180000000000000000e+03 0.000000000000000000e+00
4.200000000000000000e+03 0.000000000000000000e+00
4.220000000000000000e+03 0.000000000000000000e+00
4.240000000000000000e+03 0.000000000000000000e+00
4.260000000000000000e+03 0.000000000000000000e+00
4.280000000000000000e+03 0.000000000000000000e+00
4.300000000000000000e+03 0.000000000000000000e+00
4.320000000000000000e+03 0.000000000000000000e+00
4.340000000000000000e+03 0.000000000000000000e+00
4.360000000000000000e+03 0.000000000000000000e+00
4.380000000000000000e+03 0.000000000000000000e+00
4.400000000000000000e+03 0.000000000000000000e+00
4.420000000000000000e+03 0.000000000000000000e+00
4.440000000000000000e+03 0.000000000000000000e+00
4.460000000000000000e+03 0.000000000000000000e+00
4.480000000000000000e+03 0.000000000000000000e+00
4.500000000000000000e+03 0.000000000000000000e+00
4.520000000000000000e+03 0.000000000000000000e+00
4.540000000000000000e+03 0.000000000000000000e+00
4.560000000000000000e+03 0.000000000000000000e+00
4.580000000000000000e+03 0.000000000000000000e+00
4.600000000000000000e+03 0.000000000000000000e+00
4.620000000000000000e+03 0.000000000000000000e+00
4.640000000000000000e+03 0.000000000000000000e+00
4.660000000000000000e+03 0.000000000000000000e+00
4.680000000000000000e+03 0.000000000000000000e+00
4.700000000000000000e+03 0.000000000000000000e+00
4.720000000000000000e+03 0.000000000000000000e+00
4.740000000000000000e+03 0.000000000000000000e+00
4.760000000000000000e+03 0.000000000000000000e+00
4.780000000000000000e+03 0.000000000000000000e+00
4.800000000000000000e+03 0.000000000000000000e+00
4.820000000000000000e+03 0.000000000000000000e+00
4.840000000000000000e+03 0.000000000000000000e+00
4.860000000000000000e+03 0.000000000000000000e+00
4.880000000000000000e+03 0.000000000000000000e+00
4.900000000000000000e+03 0.000000000000000000e+00
4.920000000000000000e+03 0.000000000000000000e+00
4.940000000000000000e+03 0.000000000000000000e+00
4.960000000000000000e+03 0.000000000000000000e+00
4.980000000000000000e+03 0.000000000000000000e+00
5.000000000000000000e+03 0.000000000000000000e+00
5.020000000000000000e+03 0.000000000000000000e+00
5.040000000000000000e+03 0.000000000000000000e+00
5.060000000000000000e+03 0.000000000000000000e+00
5.080000000000000000e+03 0.000000000000000000e+00
5.100000000000000000e+03 0.000000000000000000e+00
5.120000000000000000e+03 0.000000000000000000e+00
5.140000000000000000e+03 0.000000000000000000e+00
5.160000000000000000e+03 0.000000000000000000e+00
5.180000000000000000e+03 0.000000000000000000e+00
5.200000000000000000e+03 0.000000000000000000e+00
5.220000000000000000e+03 0.000000000000000000e+00
5.240000000000000000e+03 0.000000000000000000e+00
5.260000000000000000e+03 0.000000000000000000e+00
5.280000000000000000e+03 0.000000000000000000e+00
5.300000000000000000e+03 0.000000000000000000e+00
5.320000000000000000e+03 0.000000000000000000e+00
5.340000000000000000e+03 0.000000000000000000e+00
5.360000000000000000e+03 0.000000000000000000e+00
5.380000000000000000e+03 0.000000000000000000e+00
5.400000000000000000e+03 0.000000000000000000e+00
5.420000000000000000e+03 0.000000000000000000e+00
5.440000000000000000e+03 0.000000000000000000e+00
5.460000000000000000e+03 0.000000000000000000e+00
5.480000000000000000e+03 0.000000000000000000e+00
5.500000000000000000e+03 0.000000000000000000e+00
5.520000000000000000e+03 0.000000000000000000e+00
5.540000000000000000e+03 0.000000000000000000e+00
5.560000000000000000e+03 0.000000000000000000e+00
5.580000000000000000e+03 0.000000000000000000e+00
5.600000000000000000e+03 0.000000000000000000e+00
5.620000000000000000e+03 0.000000000000000000e+00
5.640000000000000000e+03 0.000000000000000000e+00
5.660000000000000000e+03 0.000000000000000000e+00
5.680000000000000000e+03 0.000000000000000000e+00
5.700000000000000000e+03 0.000000000000000000e+00
5.720000000000000000e+03 0.000000000000000000e+00
5.740000000000000000e+03 0.000000000000000000e+00
5.760000000000000000e+03 0.000000000000000000e+00
5.780000000000000000e+03 0.000000000000000000e+00
5.800000000000000000e+03 0.000000000000000000e+00
5.820000000000000000e+03 0.000000000000000000e+00
5.840000000000000000e+03 0.000000000000000000e+00
5.860000000000000000e+03 0.000000000000000000e+00
5.880000000000000000e+03 0.000000000000000000e+00
5.900000000000000000e+03 0.000000000000000000e+00
5.920000000000000000e+03 0.000000000000000000e+00
5.940000000000000000e+03 0.000000000000000000e+00
5.960000000000000000e+03 0.000000000000000000e+00
5.980000000000000000e+03 0.000000000000000000e+00
6.000000000000000000e+03 0.000000000000000000e+00
6.020000000000000000e+03 0.000000000000000000e+00
6.040000000000000000e+03 0.000000000000000000e+00
6.060000000000000000e+03 0.000000000000000000e+00
6.080000000000000000e+03 0.000000000000000000e+00
6.100000000000000000e+03 0.000000000000000000e+00
6.120000000000000000e+03 0.000000000000000000e+00
6.140000000000000000e+03 0.000000000000000000e+00
6.160000000000000000e+03 0.000000000000000000e+00
6.180000000000000000e+03 0.000000000000000000e+00
6.200000000000000000e+03 0.000000000000000000e+00
6.220000000000000000e+03 0.000000000000000000e+00
6.240000000000000000e+03 0.000000000000000000e+00
6.260000000000000000e+03 0.000000000000000000e+00
6.280000000000000000e+03 0.000000000000000000e+00
6.300000000000000000e+03 0.000000000000000000e+00
6.320000000000000000e+03 0.000000000000000000e+00
6.340000000000000000e+03 0.000000000000000000e+00
6.360000000000000000e+03 0.000000000000000000e+00
6.380000000000000000e+03 0.000000000000000000e+00
6.400000000000000000e+03 0.000000000000000000e+00
6.420000000000000000e+03 0.000000000000000000e+00
6.440000000000000000e+03 0.000000000000000000e+00
6.460000000000000000e+03 0.000000000000000000e+00
6.480000000000000000e+03 0.000000000000000000e+00
6.500000000000000000e+03 0.000000000000000000e+00
6.520000000000000000e+03 0.000000000000000000e+00
6.540000000000000000e+03 0.000000000000000000e+00
6.560000000000000000e+03 0.000000000000000000e+00
6.580000000000000000e+03 0.000000000000000000e+00
6.600000000000000000e+03 0.000000000000000000e+00
6.620000000000000000e+03 0.000000000000000000e+00
6.640000000000000000e+03 0.000000000000000000e+00
6.660000000000000000e+03 0.000000000000000000e+00
6.680000000000000000e+03 0.000000000000000000e+00
6.700000000000000000e+03 0.000000000000000000e+00
6.720000000000000000e+03 0.000000000000000000e+00
6.740000000000000000e+03 0.000000000000000000e+00
6.760000000000000000e+03 0.000000000000000000e+00
6.780000000000000000e+03 0.000000000000000000e+00
6.800000000000000000e+03 0.000000000000000000e+00
6.820000000000000000e+03 0.000000000000000000e+00
6.840000000000000000e+03 0.000000000000000000e+00
6.860000000000000000e+03 0.000000000000000000e+00
6.880000000000000000e+03 0.000000000000000000e+00
6.900000000000000000e+03 0.000000000000000000e+00
6.920000000000000000e+03 0.000000000000000000e+00
6.940000000000000000e+03 0.000000000000000000e+00
6.960000000000000000e+03 0.000000000000000000e+00
6.980000000000000000e+03 0.000000000000000000e+00
7.000000000000000000e+03 0.000000000000000000e+00
7.020000000000000000e+03 0.000000000000000000e+00
7.040000000000000000e+03 0.000000000000000000e+00
7.060000000000000000e+03 0.000000000000000000e+00
7.080000000000000000e+03 0.000000000000000000e+00
7.100000000000000000e+03 0.000000000000000000e+00
7.120000000000000000e+03 0.000000000000000000e+00
7.140000000000000000e+03 0.000000000000000000e+00
7.160000000000000000e+03 0.000000000000000000e+00
7.180000000000000000e+03 0.000000000000000000e+00
7.200000000000000000e+03 0.000000000000000000e+00
7.220000000000000000e+03 0.000000000000000000e+00
7.240000000000000000e+03 0.000000000000000000e+00
7.260000000000000000e+03 0.000000000000000000e+00
7.280000000000000000e+03 0.000000000000000000e+00
7.300000000000000000e+03 0.000000000000000000e+00
7.320000000000000000e+03 0.000000000000000000e+00
7.340000000000000000e+03 0.000000000000000000e+00
7.360000000000000000e+03 0.000000000000000000e+00
7.380000000000000000e+03 0.000000000000000000e+00
7.400000000000000000e+03 0.000000000000000000e+00
7.420000000000000000e+03 0.000000000000000000e+00
7.440000000000000000e+03 0.000000000000000000e+00
7.460000000000000000e+03 0.000000000000000000e+00
7.480000000000000000e+03 0.000000000000000000e+00
7.500000000000000000e+03 0.000000000000000000e+00
7.520000000000000000e+03 0.000000000000000000e+00
7.540000000000000000e+03 0.000000000000000000e+00
7.560000000000000000e+03 0.000000000000000000e+00
7.580000000000000000e+03 0.000000000000000000e+00
7.600000000000000000e+03 0.000000000000000000e+00
7.620000000000000000e+03 0.000000000000000000e+00
7.640000000000000000e+03 0.000000000000000000e+00
7.660000000000000000e+03 0.000000000000000000e+00
7.680000000000000000e+03 0.000000000000000000e+00
7.700000000000000000e+03 0.000000000000000000e+00
7.720000000000000000e+03 0.000000000000000000e+00
7.740000000000000000e+03 0.000000000000000000e+00
7.760000000000000000e+03 0.000000000000000000e+00
7.780000000000000000e+03 0.000000000000000000e+00
7.800000000000000000e+03 0.000000000000000000e+00
7.820000000000000000e+03 0.000000000000000000e+00
7.840000000000000000e+03 0.000000000000000000e+00
7.860000000000000000e+03 0.000000000000000000e+00
7.880000000000000000e+03 0.000000000000000000e+00
7.900000000000000000e+03 0.000000000000000000e+00
7.920000000000000000e+03 0.000000000000000000e+00
7.940000000000000000e+03 0.000000000000000000e+00
7.960000000000000000e+03 0.000000000000000000e+00
7.980000000000000000e+03 0.000000000000000000e+00
8.000000000000000000e+03 0.000000000000000000e+00
8.020000000000000000e+03 0.000000000000000000e+00
8.040000000000000000e+03 0.000000000000000000e+00
8.060000000000000000e+03 0.000000000000000000e+00
8.080000000000000000e+03 0.000000000000000000e+00
8.100000000000000000e+03 0.000000000000000000e+00
8.120000000000000000e+03 0.000000000000000000e+00
8.140000000000000000e+03 0.000000000000000000e+00
8.160000000000000000e+03 0.000000000000000000e+00
8.180000000000000000e+03 0.000000000000000000e+00
8.200000000000000000e+03 0.000000000000000000e+00
8.220000000000000000e+03 0.000000000000000000e+00
8.240000000000000000e+03 0.000000000000000000e+00
8.260000000000000000e+03 0.000000000000000000e+00
8.280000000000000000e+03 0.000000000000000000e+00
8.300000000000000000e+03 0.000000000000000000e+00
8.320000000000000000e+03 0.000000000000000000e+00
8.340000000000000000e+03 0.000000000000000000e+00
8.360000000000000000e+03 0.000000000000000000e+00
8.380000000000000000e+03 0.000000000000000000e+00
8.400000000000000000e+03 0.000000000000000000e+00
8.420000000000000000e+03 0.000000000000000000e+00
8.440000000000000000e+03 0.000000000000000000e+00
8.460000000000000000e+03 0.000000000000000000e+00
8.480000000000000000e+03 0.000000000000000000e+00
8.500000000000000000e+03 0.000000000000000000e+00
8.520000000000000000e+03 0.000000000000000000e+00
8.540000000000000000e+03 0.000000000000000000e+00
8.560000000000000000e+03 0.000000000000000000e+00
8.580000000000000000e+03 0.000000000000000000e+00
8.600000000000000000e+03 0.000000000000000000e+00
8.620000000000000000e+03 0.000000000000000000e+00
8.640000000000000000e+03 0.000000000000000000e+00
8.660000000000000000e+03 0.000000000000000000e+00
8.680000000000000000e+03 0.000000000000000000e+00
8.700000000000000000e+03 0.000000000000000000e+00
8.720000000000000000e+03 0.000000000000000000e+00
8.740000000000000000e+03 0.000000000000000000e+00
8.760000000000000000e+03 0.000000000000000000e+00
8.780000000000000000e+03 0.000000000000000000e+00
8.800000000000000000e+03 0.000000000000000000e+00
8.820000000000000000e+03 0.000000000000000000e+00
8.840000000000000000e+03 0.000000000000000000e+00
8.860000000000000000e+03 0.000000000000000000e+00
8.880000000000000000e+03 0.000000000000000000e+00
8.900000000000000000e+03 0.000000000000000000e+00
8.920000000000000000e+03 0.000000000000000000e+00
8.940000000000000000e+03 0.000000000000000000e+00
8.960000000000000000e+03 0.000000000000000000e+00
8.980000000000000000e+03 0.000000000000000000e+00
9.000000000000000000e+03 0.000000000000000000e+00
9.020000000000000000e+03 0.000000000000000000e+00
9.040000000000000000e+03 0.000000000000000000e+00
9.060000000000000000e+03 1.838704746832055975e-04
9.080000000000000000e+03 5.948212017430643548e-04
9.100000000000000000e+03 2.414723491198291806e-03
9.120000000000000000e+03 4.976063151876988604e-03
9.140000000000000000e+03 9.696667783457608644e-03
9.160000000000000000e+03 2.091617459890090375e-02
9.180000000000000000e+03 4.415200690340166656e-02
9.200000000000000000e+03 8.568102742151266493e-02
9.220000000000000000e+03 1.541305579529413383e-01
9.240000000000000000e+03 2.459731643741758511e-01
9.260000000000000000e+03 3.471586824659623760e-01
9.280000000000000000e+03 4.383547917208386324e-01
9.300000000000000000e+03 5.005454233329063030e-01
9.320000000000000000e+03 5.359244091622342721e-01
9.340000000000000000e+03 5.520481989134500278e-01
9.360000000000000000e+03 5.586691867373335674e-01
9.380000000000000000e+03 5.626819511304562704e-01
9.400000000000000000e+03 5.664586243706889457e-01
9.420000000000000000e+03 5.699198970225490823e-01
9.440000000000000000e+03 5.742550346383544779e-01
9.460000000000000000e+03 5.780806807004854608e-01
9.480000000000000000e+03 5.826207416303592623e-01
9.500000000000000000e+03 5.869141049149185774e-01
9.520000000000000000e+03 5.914888892557921274e-01
9.540000000000000000e+03 5.961566383814005388e-01
9.560000000000000000e+03 5.997959225666669170e-01
9.580000000000000000e+03 6.041900460221081293e-01
9.600000000000000000e+03 6.082689288134076611e-01
9.620000000000000000e+03 6.108096180739869263e-01
9.640000000000000000e+03 6.137907088262031241e-01
9.660000000000000000e+03 6.158083740579752829e-01
9.680000000000000000e+03 6.178421972363492554e-01
9.700000000000000000e+03 6.196009748518822580e-01
9.720000000000000000e+03 6.213890131106889481e-01
9.740000000000000000e+03 6.236384264989667248e-01
9.760000000000000000e+03 6.252934174417720259e-01
9.780000000000000000e+03 6.272113559409729922e-01
9.800000000000000000e+03 6.294167476845606846e-01
9.820000000000000000e+03 6.312772894486400332e-01
9.840000000000000000e+03 6.333399146777267674e-01
9.860000000000000000e+03 6.346844592256974948e-01
9.880000000000000000e+03 6.361943027225939185e-01
9.900000000000000000e+03 6.375433038287313670e-01
9.920000000000000000e+03 6.384123726038893887e-01
9.940000000000000000e+03 6.398743017483524698e-01
9.960000000000000000e+03 6.404647065938732231e-01
9.980000000000000000e+03 6.427481216893156102e-01
1.000000000000000000e+04 6.442513013854497261e-01
1.002000000000000000e+04 6.458446853396061504e-01
1.004000000000000000e+04 6.474776763756610043e-01
1.006000000000000000e+04 6.486109280467520222e-01
1.008000000000000000e+04 6.502633768277839010e-01
1.010000000000000000e+04 6.510451040191647110e-01
1.012000000000000000e+04 6.518364027393596105e-01
1.014000000000000000e+04 6.530380281495711259e-01
1.016000000000000000e+04 6.529724401382271948e-01
1.018000000000000000e+04 6.534097319906656542e-01
1.020000000000000000e+04 6.526782663265697781e-01
1.022000000000000000e+04 6.525518167156947325e-01
1.024000000000000000e+04 6.524030815793441240e-01
1.026000000000000000e+04 6.519139451748230396e-01
1.028000000000000000e+04 6.521507213155539606e-01
1.030000000000000000e+04 6.530423836685477212e-01
1.032000000000000000e+04 6.532205721869254189e-01
1.034000000000000000e+04 6.545861788680906734e-01
1.036000000000000000e+04 6.553656178518446618e-01
1.038000000000000000e+04 6.560631990776336631e-01
1.040000000000000000e+04 6.571402487005238990e-01
1.042000000000000000e+04 6.572714490929515430e-01
1.044000000000000000e+04 6.584126377633608973e-01
1.046000000000000000e+04 6.588361708425554131e-01
1.048000000000000000e+04 6.587242153709854664e-01
1.050000000000000000e+04 6.582862365343098432e-01
1.052000000000000000e+04 6.578227483039646994e-01
1.054000000000000000e+04 6.579350479520238437e-01
1.056000000000000000e+04 6.573657310848528557e-01
1.058000000000000000e+04 6.567629538561681191e-01
1.060000000000000000e+04 6.566883222099704209e-01
1.062000000000000000e+04 6.558637695445317384e-01
1.064000000000000000e+04 6.560541925101649463e-01
1.066000000000000000e+04 6.556329988137045151e-01
1.068000000000000000e+04 6.561991318705794329e-01
1.070000000000000000e+04 6.566453142845046775e-01
1.072000000000000000e+04 6.566051231550205092e-01
1.074000000000000000e+04 6.572928332000362861e-01
1.076000000000000000e+04 6.575389281718054812e-01
1.078000000000000000e+04 6.570030657848341393e-01
1.080000000000000000e+04 6.569854141288437033e-01
1.082000000000000000e+04 6.566983171968251431e-01
1.084000000000000000e+04 6.563296426981238829e-01
1.086000000000000000e+04 6.551634529025713860e-01
1.088000000000000000e+04 6.545976182964272638e-01
1.090000000000000000e+04 6.532264016933416739e-01
1.092000000000000000e+04 6.532143115507473841e-01
1.094000000000000000e+04 6.531042639131579008e-01
1.096000000000000000e+04 6.517054328834692711e-01
1.098000000000000000e+04 6.509474481058582507e-01
1.100000000000000000e+04 6.514481797193851786e-01
1.102000000000000000e+04 6.506095644622154062e-01
1.104000000000000000e+04 6.507557070687752798e-01
1.106000000000000000e+04 6.504236880766491868e-01
1.108000000000000000e+04 6.512549416373039080e-01
1.110000000000000000e+04 6.500499033508257973e-01
1.112000000000000000e+04 6.502628389590415781e-01
1.114000000000000000e+04 6.503940339278220240e-01
1.116000000000000000e+04 6.504555251250042636e-01
1.118000000000000000e+04 6.513026599048180598e-01
1.120000000000000000e+04 6.500315434735193243e-01
1.122000000000000000e+04 6.508209325459544115e-01
1.124000000000000000e+04 6.510931041984701073e-01
1.126000000000000000e+04 6.512143393331115693e-01
1.128000000000000000e+04 6.513451478148076790e-01
1.130000000000000000e+04 6.523955161687678972e-01
1.132000000000000000e+04 6.517945048930090524e-01
1.134000000000000000e+04 6.522052897566926744e-01
1.136000000000000000e+04 6.532001247929463128e-01
1.138000000000000000e+04 6.535222988223924334e-01
1.140000000000000000e+04 6.527143713774374856e-01
1.142000000000000000e+04 6.533368455333010694e-01
1.144000000000000000e+04 6.533755191706701604e-01
1.146000000000000000e+04 6.533249154920758306e-01
1.148000000000000000e+04 6.535507581693593693e-01
1.150000000000000000e+04 6.534242262285976377e-01
1.152000000000000000e+04 6.533565564283113636e-01
1.154000000000000000e+04 6.526498504325407568e-01
1.156000000000000000e+04 6.530525620286096178e-01
1.158000000000000000e+04 6.529519400684394848e-01
1.160000000000000000e+04 6.525759816326488494e-01
1.162000000000000000e+04 6.522929017013020525e-01
1.164000000000000000e+04 6.520086397354274421e-01
1.166000000000000000e+04 6.515861171145622688e-01
1.168000000000000000e+04 6.518786949314641088e-01
1.170000000000000000e+04 6.515296478260472757e-01
1.172000000000000000e+04 6.507912070910867319e-01
1.174000000000000000e+04 6.515297739596435100e-01
1.176000000000000000e+04 6.507299981576497583e-01
1.178000000000000000e+04 6.519652137789623270e-01
1.180000000000000000e+04 6.512712080525975278e-01
1.182000000000000000e+04 6.508089102579689422e-01
1.184000000000000000e+04 6.511069847103099217e-01
1.186000000000000000e+04 6.499604900036481947e-01
1.188000000000000000e+04 6.505431611059460106e-01
1.190000000000000000e+04 6.498228998784011390e-01
1.192000000000000000e+04 6.502378680721364601e-01
1.194000000000000000e+04 6.493715180134752574e-01
1.196000000000000000e+04 6.494109591423974370e-01
1.198000000000000000e+04 6.491832931324685863e-01
1.200000000000000000e+04 6.483055788687476229e-01
1.202000000000000000e+04 6.482549790044546123e-01
1.204000000000000000e+04 6.480315032520009844e-01
1.206000000000000000e+04 6.476118223432132393e-01
1.208000000000000000e+04 6.469682705012252955e-01
1.210000000000000000e+04 6.463964701394180334e-01
1.212000000000000000e+04 6.466098876689697628e-01
1.214000000000000000e+04 6.450762575390515119e-01
1.216000000000000000e+04 6.447450124575173636e-01
1.218000000000000000e+04 6.444723621930642521e-01
1.220000000000000000e+04 6.432173441967006244e-01
1.222000000000000000e+04 6.429966645486847598e-01
1.224000000000000000e+04 6.417222103656694543e-01
1.226000000000000000e+04 6.412026283514613567e-01
1.228000000000000000e+04 6.409378175026810842e-01
1.230000000000000000e+04 6.397575808932799424e-01
1.232000000000000000e+04 6.391110363219868473e-01
1.234000000000000000e+04 6.384893042935340102e-01
1.236000000000000000e+04 6.373093947974960427e-01
1.238000000000000000e+04 6.369437819116882116e-01
1.240000000000000000e+04 6.358598940149607914e-01
1.242000000000000000e+04 6.358498732748789628e-01
1.244000000000000000e+04 6.346947493422520070e-01
1.246000000000000000e+04 6.347140026740706320e-01
1.248000000000000000e+04 6.340756862948132566e-01
1.250000000000000000e+04 6.339999995742445771e-01
1.252000000000000000e+04 6.338587462458905586e-01
1.254000000000000000e+04 6.329508418820404270e-01
1.256000000000000000e+04 6.331462672887451237e-01
1.258000000000000000e+04 6.332646503878873734e-01
1.260000000000000000e+04 6.332330997987175580e-01
1.262000000000000000e+04 6.327530931852498597e-01
1.264000000000000000e+04 6.319950071164149863e-01
1.266000000000000000e+04 6.313300393383491915e-01
1.268000000000000000e+04 6.314077466501467617e-01
1.270000000000000000e+04 6.300259455250162288e-01
1.272000000000000000e+04 6.300120591814409865e-01
1.274000000000000000e+04 6.285061961383737739e-01
1.276000000000000000e+04 6.275730516523967406e-01
1.278000000000000000e+04 6.264275479785382794e-01
1.280000000000000000e+04 6.249381288697470893e-01
1.282000000000000000e+04 6.241034738373618662e-01
1.284000000000000000e+04 6.222052414643213236e-01
1.286000000000000000e+04 6.215676169834468690e-01
1.288000000000000000e+04 6.203195576420226232e-01
1.290000000000000000e+04 6.187411879796269609e-01
1.292000000000000000e+04 6.177996155464534622e-01
1.294000000000000000e+04 6.156084378619913755e-01
1.296000000000000000e+04 6.151399107524385679e-01
1.298000000000000000e+04 6.146040683907947333e-01
1.300000000000000000e+04 6.137431803607756864e-01
1.302000000000000000e+04 6.136312969557653485e-01
1.304000000000000000e+04 6.122083994808644736e-01
1.306000000000000000e+04 6.119054792774345497e-01
1.308000000000000000e+04 6.118467460672949443e-01
1.310000000000000000e+04 6.105354906284038430e-01
1.312000000000000000e+04 6.110289441757996709e-01
1.314000000000000000e+04 6.105463500124816978e-01
1.316000000000000000e+04 6.101354910880075755e-01
1.318000000000000000e+04 6.090130341324603291e-01
1.320000000000000000e+04 6.087733796125771590e-01
1.322000000000000000e+04 6.085045589433348834e-01
1.324000000000000000e+04 6.069730611774803997e-01
1.326000000000000000e+04 6.078708683313305272e-01
1.328000000000000000e+04 6.058710307367343173e-01
1.330000000000000000e+04 6.047837907532571666e-01
1.332000000000000000e+04 6.048043728313475809e-01
1.334000000000000000e+04 6.036631889478266677e-01
1.336000000000000000e+04 6.033869570411821703e-01
1.338000000000000000e+04 6.020951781707464256e-01
1.340000000000000000e+04 6.005174098585119857e-01
1.342000000000000000e+04 5.998539506774897001e-01
1.344000000000000000e+04 5.989839145483502048e-01
1.346000000000000000e+04 5.980105517691791661e-01
1.348000000000000000e+04 5.880687278386143024e-01
1.350000000000000000e+04 5.796001985685785840e-01
1.352000000000000000e+04 5.690913657699433470e-01
1.354000000000000000e+04 5.543850053358913010e-01
1.356000000000000000e+04 5.324792017612605122e-01
1.358000000000000000e+04 5.048120413550303276e-01
1.360000000000000000e+04 4.729565136020193461e-01
1.362000000000000000e+04 4.273882290257868255e-01
1.364000000000000000e+04 3.763488729113542708e-01
1.366000000000000000e+04 3.215754864299009141e-01
1.368000000000000000e+04 2.658398409978964816e-01
1.370000000000000000e+04 2.131650658255695441e-01
1.372000000000000000e+04 1.637350625123612791e-01
1.374000000000000000e+04 1.229461953787764211e-01
1.376000000000000000e+04 8.859702329056214076e-02
1.378000000000000000e+04 6.047882912764337288e-02
1.380000000000000000e+04 3.880432330300181976e-02
1.382000000000000000e+04 2.276925171838539014e-02
1.384000000000000000e+04 1.277859639502658406e-02
1.386000000000000000e+04 6.663908372417863546e-03
1.388000000000000000e+04 3.264140235322357964e-03
1.390000000000000000e+04 1.571546639832668672e-03
1.392000000000000000e+04 1.413323042046189684e-04
1.394000000000000000e+04 8.798642111360176091e-05
1.396000000000000000e+04 5.618786558068362887e-05
1.398000000000000000e+04 3.909314892126501548e-05
1.400000000000000000e+04 2.778405278345464326e-05
1.402000000000000000e+04 2.054902646546233162e-05
1.404000000000000000e+04 1.630293882631507024e-05
1.406000000000000000e+04 1.343801057589310292e-05
1.408000000000000000e+04 1.179321895935488125e-05
1.410000000000000000e+04 1.055466676125571242e-05
1.412000000000000000e+04 1.040853983736989584e-05
1.414000000000000000e+04 1.136717967510113176e-05
1.416000000000000000e+04 1.422139669990954980e-05
1.418000000000000000e+04 2.067509966625458327e-05
1.420000000000000000e+04 3.379579437660130021e-05
1.422000000000000000e+04 5.133286990116590773e-05
1.424000000000000000e+04 5.905899061458712757e-05
1.426000000000000000e+04 5.116358606637702632e-05
1.428000000000000000e+04 3.588459638797881433e-05
1.430000000000000000e+04 2.857425947649534499e-05
1.432000000000000000e+04 3.053849720842462435e-05
1.434000000000000000e+04 4.301667837125603577e-05
1.436000000000000000e+04 5.826943420350274997e-05
1.438000000000000000e+04 6.139252698962629194e-05
1.440000000000000000e+04 5.116921237324739664e-05
1.442000000000000000e+04 4.140594140092435148e-05
1.444000000000000000e+04 4.309188064101609475e-05
1.446000000000000000e+04 5.715252492080209463e-05
1.448000000000000000e+04 7.160300107332557694e-05
1.450000000000000000e+04 7.772831399109965303e-05
1.452000000000000000e+04 7.679434631872979406e-05
1.454000000000000000e+04 6.805906988035822071e-05
1.456000000000000000e+04 5.113969697957827223e-05
1.458000000000000000e+04 3.420738586423066320e-05
1.460000000000000000e+04 2.685370405372037553e-05
1.462000000000000000e+04 2.936546835780689776e-05
1.464000000000000000e+04 3.961406693908584291e-05
1.466000000000000000e+04 5.382670860932782736e-05
1.468000000000000000e+04 5.544859260699811583e-05
1.470000000000000000e+04 4.328073116684593970e-05
1.472000000000000000e+04 3.280199577459216376e-05
1.474000000000000000e+04 3.475248726480400802e-05
1.476000000000000000e+04 4.611512694337619529e-05
1.478000000000000000e+04 5.296982266843530067e-05
1.480000000000000000e+04 4.391250496320253449e-05
1.482000000000000000e+04 2.860986033292471008e-05
1.484000000000000000e+04 1.798787262683382832e-05
1.486000000000000000e+04 1.560707410167680559e-05
1.488000000000000000e+04 2.198307199098859237e-05
1.490000000000000000e+04 3.777331922052807543e-05
1.492000000000000000e+04 5.030075489707794289e-05
1.494000000000000000e+04 4.573680968749561660e-05
1.496000000000000000e+04 2.851420245747781680e-05
1.498000000000000000e+04 1.609457296942937426e-05
1.500000000000000000e+04 1.357601224067201101e-05
1.502000000000000000e+04 1.955735808460236762e-05
1.504000000000000000e+04 3.547586282569831472e-05
1.506000000000000000e+04 5.140756392429681024e-05
1.508000000000000000e+04 4.942760605090336379e-05
1.510000000000000000e+04 3.321514897306550480e-05
1.512000000000000000e+04 2.185125389513470497e-05
1.514000000000000000e+04 2.699844055006108681e-05
1.516000000000000000e+04 4.348767880434573953e-05
1.518000000000000000e+04 5.391740302998185741e-05
1.520000000000000000e+04 4.360518044949807678e-05
1.522000000000000000e+04 2.533215612764392894e-05
1.524000000000000000e+04 1.348090967549865466e-05
1.526000000000000000e+04 9.940615249096967381e-06
1.528000000000000000e+04 9.672831882035880512e-06
1.530000000000000000e+04 1.123096406573577528e-05
1.532000000000000000e+04 1.380793823923265950e-05
1.534000000000000000e+04 1.643119121585600082e-05
1.536000000000000000e+04 1.812009608505968410e-05
1.538000000000000000e+04 1.781158570851663260e-05
1.540000000000000000e+04 1.657174450459174966e-05
1.542000000000000000e+04 1.573292312703079759e-05
1.544000000000000000e+04 1.655886222778034039e-05
1.546000000000000000e+04 1.911404323468373029e-05
1.548000000000000000e+04 2.196403635710777284e-05
1.550000000000000000e+04 2.478205196445790103e-05
1.552000000000000000e+04 2.628487814190042050e-05
1.554000000000000000e+04 2.754049310916908502e-05
1.556000000000000000e+04 3.100849788013582641e-05
1.558000000000000000e+04 3.901958461408581991e-05
1.560000000000000000e+04 5.324519675997161321e-05
1.562000000000000000e+04 6.899077474540091888e-05
1.564000000000000000e+04 7.208352887907219059e-05
1.566000000000000000e+04 6.341708776487268680e-05
1.568000000000000000e+04 4.711079849579299965e-05
1.570000000000000000e+04 3.543202751693833551e-05
1.572000000000000000e+04 3.409753210554830556e-05
1.574000000000000000e+04 4.164126369922323414e-05
1.576000000000000000e+04 5.649193992481440428e-05
1.578000000000000000e+04 6.878144944968943850e-05
1.580000000000000000e+04 6.806551294052502223e-05
1.582000000000000000e+04 5.488779491796586148e-05
1.584000000000000000e+04 4.435394606134299492e-05
1.586000000000000000e+04 4.858706962466883769e-05
1.588000000000000000e+04 6.432161647327303347e-05
1.590000000000000000e+04 7.989123866177320345e-05
1.592000000000000000e+04 7.605357862322086873e-05
1.594000000000000000e+04 5.786051319952059105e-05
1.596000000000000000e+04 3.589214426753844822e-05
1.598000000000000000e+04 2.224834490021979479e-05
1.600000000000000000e+04 1.634979996595505624e-05
1.602000000000000000e+04 1.389238190035453258e-05
1.604000000000000000e+04 1.324344247528894595e-05
1.606000000000000000e+04 1.428466762282686369e-05
1.608000000000000000e+04 1.675153350412605208e-05
1.610000000000000000e+04 2.063240925474680600e-05
1.612000000000000000e+04 2.699676133434290027e-05
1.614000000000000000e+04 3.578252876306155163e-05
1.616000000000000000e+04 4.557404615254725944e-05
1.618000000000000000e+04 5.494409990036280427e-05
1.620000000000000000e+04 6.293183509001593469e-05
1.622000000000000000e+04 6.751012937230145517e-05
1.624000000000000000e+04 7.255254850337872262e-05
1.626000000000000000e+04 7.950741487645875875e-05
1.628000000000000000e+04 9.023454055792436731e-05
1.630000000000000000e+04 1.051198116403495418e-04
1.632000000000000000e+04 1.205593463772614498e-04
1.634000000000000000e+04 1.377075940073578292e-04
1.636000000000000000e+04 1.535631401334021492e-04
1.638000000000000000e+04 1.706055578664732284e-04
1.640000000000000000e+04 1.812504652514248572e-04
1.642000000000000000e+04 1.853016550513329123e-04
1.644000000000000000e+04 1.787266290674141631e-04
1.646000000000000000e+04 1.682339086340025930e-04
1.648000000000000000e+04 1.531335111579083851e-04
1.650000000000000000e+04 1.435469510663468903e-04
1.652000000000000000e+04 1.371264156946169679e-04
1.654000000000000000e+04 1.338366032051894897e-04
1.656000000000000000e+04 1.311329379323600112e-04
1.658000000000000000e+04 1.260943879236825049e-04
1.660000000000000000e+04 1.188623514521408288e-04
1.662000000000000000e+04 1.112449465490841294e-04
1.664000000000000000e+04 1.012122546672043771e-04
1.666000000000000000e+04 8.997450974999070185e-05
1.668000000000000000e+04 7.729423336241639535e-05
1.670000000000000000e+04 6.328615321241704082e-05
1.672000000000000000e+04 5.084195379292418123e-05
1.674000000000000000e+04 3.965427015361979476e-05
1.676000000000000000e+04 3.069998085410851783e-05
1.678000000000000000e+04 2.377016019617547547e-05
1.680000000000000000e+04 1.897316074454583035e-05
1.682000000000000000e+04 1.496503307336300940e-05
1.684000000000000000e+04 1.243215693458683206e-05
1.686000000000000000e+04 1.031920239720057606e-05
1.688000000000000000e+04 8.720412733467977127e-06
1.690000000000000000e+04 7.513374857576616502e-06
1.692000000000000000e+04 6.636319453191692493e-06
1.694000000000000000e+04 5.923233666213060376e-06
1.696000000000000000e+04 5.562063270540241459e-06
1.698000000000000000e+04 5.318415567371036867e-06
1.700000000000000000e+04 5.179063866673199019e-06
1.702000000000000000e+04 5.400936670974082455e-06
1.704000000000000000e+04 5.385956810700891392e-06
1.706000000000000000e+04 6.186997302045930329e-06
1.708000000000000000e+04 7.045095799471250389e-06
1.710000000000000000e+04 8.553560951900684073e-06
1.712000000000000000e+04 1.079436006125497831e-05
1.714000000000000000e+04 1.489972713250224776e-05
1.716000000000000000e+04 2.124213792286019966e-05
1.718000000000000000e+04 3.004803926035644823e-05
1.720000000000000000e+04 4.027400216044699997e-05
1.722000000000000000e+04 5.042307115495793778e-05
1.724000000000000000e+04 5.702533170153447511e-05
1.726000000000000000e+04 5.823474824476543494e-05
1.728000000000000000e+04 5.582627205388548616e-05
1.730000000000000000e+04 5.282939351881484297e-05
1.732000000000000000e+04 5.410999247752243385e-05
1.734000000000000000e+04 5.930604722421884323e-05
1.736000000000000000e+04 6.878266692902190282e-05
1.738000000000000000e+04 8.027422027134414439e-05
1.740000000000000000e+04 9.146112291763865696e-05
1.742000000000000000e+04 9.835894075298295622e-05
1.744000000000000000e+04 1.018032118051810474e-04
1.746000000000000000e+04 1.055608432446798105e-04
1.748000000000000000e+04 1.067202952420854536e-04
1.750000000000000000e+04 1.083078516051727650e-04
1.752000000000000000e+04 1.045028528914541407e-04
1.754000000000000000e+04 1.011765140483085262e-04
1.756000000000000000e+04 9.837254862141987224e-05
1.758000000000000000e+04 9.361823815676288956e-05
1.760000000000000000e+04 9.252088885642132928e-05
1.762000000000000000e+04 8.947562022246390218e-05
1.764000000000000000e+04 8.770902941800238670e-05
1.766000000000000000e+04 8.084862549265853183e-05
1.768000000000000000e+04 7.625538629545046908e-05
1.770000000000000000e+04 7.177008147626407538e-05
1.772000000000000000e+04 6.999427025974225985e-05
1.774000000000000000e+04 7.226712081697868621e-05
1.776000000000000000e+04 7.239509541366445091e-05
1.778000000000000000e+04 6.889916377569830380e-05
1.780000000000000000e+04 5.890947526703837908e-05
1.782000000000000000e+04 4.663323244936813623e-05
1.784000000000000000e+04 3.514712486201113925e-05
1.786000000000000000e+04 2.529948352063753981e-05
1.788000000000000000e+04 1.877866208536822543e-05
1.790000000000000000e+04 1.452005945725016515e-05
1.792000000000000000e+04 1.260803373650048277e-05
1.794000000000000000e+04 1.119263088138334074e-05
1.796000000000000000e+04 1.072856808943793789e-05
1.798000000000000000e+04 1.053985155817348878e-05
1.800000000000000000e+04 1.132758200248199511e-05
1.802000000000000000e+04 8.998208021276020793e-06
1.804000000000000000e+04 1.504424674184076907e-05
1.806000000000000000e+04 1.483951848988538958e-05
1.808000000000000000e+04 1.469125827086104444e-05
1.810000000000000000e+04 2.591446412312296992e-05
1.812000000000000000e+04 1.936931023541991082e-05
1.814000000000000000e+04 2.430164406036929676e-05
1.816000000000000000e+04 3.632557431728537458e-05
1.818000000000000000e+04 3.255733138706974936e-05
1.820000000000000000e+04 3.322133478036163505e-05
1.822000000000000000e+04 4.283070910794411123e-05
1.824000000000000000e+04 4.525164038497871236e-05
1.826000000000000000e+04 4.977269304959747843e-05
1.828000000000000000e+04 4.825967886340698986e-05
1.830000000000000000e+04 6.575156159830793860e-05
1.832000000000000000e+04 7.861364781991956241e-05
1.834000000000000000e+04 8.230063475428730754e-05
1.836000000000000000e+04 8.434003673580102857e-05
1.838000000000000000e+04 9.226076597014813609e-05
1.840000000000000000e+04 1.027162736989273024e-04
1.842000000000000000e+04 8.716693847948833404e-05
1.844000000000000000e+04 1.042042127673140149e-04
1.846000000000000000e+04 1.211113502535531028e-04
1.848000000000000000e+04 8.087002969901996643e-05
1.850000000000000000e+04 1.078762035628899824e-04
1.852000000000000000e+04 6.292752715701140477e-05
1.854000000000000000e+04 1.092565741004797601e-04
1.856000000000000000e+04 1.243588650013132573e-04
1.858000000000000000e+04 8.994820206757015530e-05
1.860000000000000000e+04 6.584044027147718694e-05
1.862000000000000000e+04 9.245225925070880665e-05
1.864000000000000000e+04 8.776811555504965029e-05
1.866000000000000000e+04 9.284211193283862498e-05
1.868000000000000000e+04 8.512622511683245379e-05
1.870000000000000000e+04 1.162777026224503591e-04
1.872000000000000000e+04 5.280136339506779920e-05
1.874000000000000000e+04 8.905799298918584325e-05
1.876000000000000000e+04 8.044423960529271012e-05
1.878000000000000000e+04 5.426214645170977140e-05
1.880000000000000000e+04 5.054068877710856408e-05
1.882000000000000000e+04 4.892970653383557937e-05
1.884000000000000000e+04 4.118736029847060761e-05
1.886000000000000000e+04 1.918185135674144715e-05
1.888000000000000000e+04 2.365249460948076272e-05
1.890000000000000000e+04 3.231869027070281109e-05
1.892000000000000000e+04 6.003367652138506783e-06
1.894000000000000000e+04 6.775699388854944329e-06
1.896000000000000000e+04 1.172189600405460553e-05
1.898000000000000000e+04 5.644997813713342096e-06
1.900000000000000000e+04 0.000000000000000000e+00
1.902000000000000000e+04 1.879062473435784799e-05
1.904000000000000000e+04 0.000000000000000000e+00
1.906000000000000000e+04 1.213722874591375035e-05
1.908000000000000000e+04 3.391142271250227071e-05
1.910000000000000000e+04 3.025812280200005204e-05
1.912000000000000000e+04 4.897819473940967451e-05
1.914000000000000000e+04 3.004629690000594361e-05
1.916000000000000000e+04 3.665037581112090065e-05
1.918000000000000000e+04 4.237257226729580013e-05
1.920000000000000000e+04 5.725829611532860038e-05
1.922000000000000000e+04 3.624837526137214311e-05
1.924000000000000000e+04 4.026605868703077729e-05
1.926000000000000000e+04 3.927115365952603870e-05
1.928000000000000000e+04 6.490556436211536591e-05
1.930000000000000000e+04 6.406780075239342420e-05
1.932000000000000000e+04 4.616639737293082318e-05
1.934000000000000000e+04 4.684620246069240169e-05
1.936000000000000000e+04 4.444423297252426448e-05
1.938000000000000000e+04 4.203840418171966837e-05
1.940000000000000000e+04 4.346331037061694361e-05
1.942000000000000000e+04 4.668993908193303112e-05
1.944000000000000000e+04 4.991659098228144411e-05
1.946000000000000000e+04 4.955080914633360639e-05
1.948000000000000000e+04 5.136036813675957767e-05
1.950000000000000000e+04 3.452134333850410871e-05
1.952000000000000000e+04 2.994792889678481480e-05
1.954000000000000000e+04 1.757056267123297702e-05
1.956000000000000000e+04 2.767591044293505066e-05
1.958000000000000000e+04 2.001606060873378711e-05
1.960000000000000000e+04 2.854902466484987841e-05
1.962000000000000000e+04 1.343183571694646217e-05
1.964000000000000000e+04 1.468890534411663812e-05
1.966000000000000000e+04 1.299914988453251340e-05
1.968000000000000000e+04 6.091467370564651690e-06
1.970000000000000000e+04 1.098896397154807099e-05
1.972000000000000000e+04 1.119985753568086110e-05
1.974000000000000000e+04 1.438577537331213831e-05
1.976000000000000000e+04 1.189577869005538249e-05
1.978000000000000000e+04 1.247245555759684742e-05
1.980000000000000000e+04 2.407604804677338891e-05
1.982000000000000000e+04 2.805727950299592550e-05
1.984000000000000000e+04 3.204199609858208363e-05
1.986000000000000000e+04 6.680068837154883336e-05
1.988000000000000000e+04 7.412065507741702269e-05
1.990000000000000000e+04 1.269288297577261804e-04
1.992000000000000000e+04 1.585123317935213715e-04
1.994000000000000000e+04 2.416541898223824769e-04
1.996000000000000000e+04 2.751272561671506533e-04
1.998000000000000000e+04 3.385537264744484785e-04
2.000000000000000000e+04 3.339888028410804692e-04
2.002000000000000000e+04 5.047083363060395284e-04
2.004000000000000000e+04 4.514723367438503777e-04
2.006000000000000000e+04 4.970906601419502720e-04
2.008000000000000000e+04 5.931739559679911900e-04
2.010000000000000000e+04 5.423010488655934536e-04
2.012000000000000000e+04 6.410643336444829185e-04
2.014000000000000000e+04 7.208171720404999089e-04
2.016000000000000000e+04 7.453162389914202860e-04
2.018000000000000000e+04 6.793736747654080879e-04
2.020000000000000000e+04 5.723957651716860603e-04
2.022000000000000000e+04 7.325346813102461387e-04
2.024000000000000000e+04 7.895726797147980050e-04
2.026000000000000000e+04 9.493790992535102282e-04
2.028000000000000000e+04 7.685054283975185788e-04
2.030000000000000000e+04 8.524807720040287074e-04
2.032000000000000000e+04 9.283698107969224006e-04
2.034000000000000000e+04 8.954763940581499104e-04
2.036000000000000000e+04 9.121741157630916834e-04
2.038000000000000000e+04 1.045012623620701197e-03
2.040000000000000000e+04 1.029278397219901943e-03
2.042000000000000000e+04 1.032204458929864488e-03
2.044000000000000000e+04 9.054120447827713200e-04
2.046000000000000000e+04 9.709537728620330375e-04
2.048000000000000000e+04 8.547265854855405718e-04
2.050000000000000000e+04 8.848747607012217523e-04
2.052000000000000000e+04 9.558553932987697748e-04
2.054000000000000000e+04 1.035532276963052351e-03
2.056000000000000000e+04 1.105454364002454769e-03
2.058000000000000000e+04 1.082497587715511213e-03
2.060000000000000000e+04 1.277866101932637142e-03
2.062000000000000000e+04 1.427566003843520892e-03
2.064000000000000000e+04 1.181431765738386909e-03
2.066000000000000000e+04 1.218601491163133531e-03
2.068000000000000000e+04 1.754014716759908291e-03
2.070000000000000000e+04 1.514999701633223256e-03
2.072000000000000000e+04 1.563442378565285847e-03
2.074000000000000000e+04 1.648327009903389085e-03
2.076000000000000000e+04 2.033304712019752287e-03
2.078000000000000000e+04 2.435419157386653054e-03
2.080000000000000000e+04 2.125144622921055267e-03
2.082000000000000000e+04 2.563084057710040935e-03
2.084000000000000000e+04 2.053204939726895138e-03
2.086000000000000000e+04 3.026509073946256814e-03
2.088000000000000000e+04 2.466437266019699901e-03
2.090000000000000000e+04 2.558914944596924791e-03
2.092000000000000000e+04 2.792001446789001747e-03
2.094000000000000000e+04 3.138691139955950785e-03
2.096000000000000000e+04 2.711398758636450815e-03
2.098000000000000000e+04 2.681163779126384365e-03
2.100000000000000000e+04 3.288743031542100317e-03
2.102000000000000000e+04 3.099967937463385479e-03
2.104000000000000000e+04 3.571260251073759152e-03
2.106000000000000000e+04 3.416383223062537024e-03
2.108000000000000000e+04 3.362736489938001911e-03
2.110000000000000000e+04 2.443931357212448304e-03
2.112000000000000000e+04 3.750051876573979107e-03
2.114000000000000000e+04 3.289458584726201798e-03
2.116000000000000000e+04 3.965561963988100541e-03
2.118000000000000000e+04 3.132416303251129783e-03
2.120000000000000000e+04 3.073776874197121662e-03
2.122000000000000000e+04 3.743055126959416411e-03
2.124000000000000000e+04 1.762277831772824255e-03
2.126000000000000000e+04 4.015584807321300950e-03
2.128000000000000000e+04 2.607779430691706431e-03
2.130000000000000000e+04 4.060635822394072052e-03
2.132000000000000000e+04 3.228420590503679449e-03
2.134000000000000000e+04 3.929693729360036504e-03
2.136000000000000000e+04 3.625835907160241452e-03
2.138000000000000000e+04 3.709517999590269347e-03
2.140000000000000000e+04 3.292024373336853785e-03
2.142000000000000000e+04 3.482169420855056336e-03
2.144000000000000000e+04 1.517151482373537818e-03
2.146000000000000000e+04 0.000000000000000000e+00
2.148000000000000000e+04 0.000000000000000000e+00
2.150000000000000000e+04 0.000000000000000000e+00
2.152000000000000000e+04 0.000000000000000000e+00
2.154000000000000000e+04 0.000000000000000000e+00
2.156000000000000000e+04 0.000000000000000000e+00
2.158000000000000000e+04 0.000000000000000000e+00
2.160000000000000000e+04 0.000000000000000000e+00
2.162000000000000000e+04 0.000000000000000000e+00
2.164000000000000000e+04 0.000000000000000000e+00
2.166000000000000000e+04 0.000000000000000000e+00
2.168000000000000000e+04 0.000000000000000000e+00
2.170000000000000000e+04 0.000000000000000000e+00
2.172000000000000000e+04 0.000000000000000000e+00
2.174000000000000000e+04 0.000000000000000000e+00
2.176000000000000000e+04 0.000000000000000000e+00
2.178000000000000000e+04 0.000000000000000000e+00
2.180000000000000000e+04 0.000000000000000000e+00
2.182000000000000000e+04 0.000000000000000000e+00
2.184000000000000000e+04 0.000000000000000000e+00
2.186000000000000000e+04 0.000000000000000000e+00
2.188000000000000000e+04 0.000000000000000000e+00
2.190000000000000000e+04 0.000000000000000000e+00
2.192000000000000000e+04 0.000000000000000000e+00
2.194000000000000000e+04 0.000000000000000000e+00
2.196000000000000000e+04 0.000000000000000000e+00
2.198000000000000000e+04 0.000000000000000000e+00
2.200000000000000000e+04 0.000000000000000000e+00
2.202000000000000000e+04 0.000000000000000000e+00
2.204000000000000000e+04 0.000000000000000000e+00
2.206000000000000000e+04 0.000000000000000000e+00
2.208000000000000000e+04 0.000000000000000000e+00
2.210000000000000000e+04 0.000000000000000000e+00
2.212000000000000000e+04 0.000000000000000000e+00
2.214000000000000000e+04 0.000000000000000000e+00
2.216000000000000000e+04 0.000000000000000000e+00
2.218000000000000000e+04 0.000000000000000000e+00
2.220000000000000000e+04 0.000000000000000000e+00
2.222000000000000000e+04 0.000000000000000000e+00
2.224000000000000000e+04 0.000000000000000000e+00
2.226000000000000000e+04 0.000000000000000000e+00
2.228000000000000000e+04 0.000000000000000000e+00
2.230000000000000000e+04 0.000000000000000000e+00
2.232000000000000000e+04 0.000000000000000000e+00
2.234000000000000000e+04 0.000000000000000000e+00
2.236000000000000000e+04 0.000000000000000000e+00
2.238000000000000000e+04 0.000000000000000000e+00
2.240000000000000000e+04 0.000000000000000000e+00
2.242000000000000000e+04 0.000000000000000000e+00
2.244000000000000000e+04 0.000000000000000000e+00
2.246000000000000000e+04 0.000000000000000000e+00
2.248000000000000000e+04 0.000000000000000000e+00
2.250000000000000000e+04 0.000000000000000000e+00
2.252000000000000000e+04 0.000000000000000000e+00
2.254000000000000000e+04 0.000000000000000000e+00
2.256000000000000000e+04 0.000000000000000000e+00
2.258000000000000000e+04 0.000000000000000000e+00
2.260000000000000000e+04 0.000000000000000000e+00
2.262000000000000000e+04 0.000000000000000000e+00
2.264000000000000000e+04 0.000000000000000000e+00
2.266000000000000000e+04 0.000000000000000000e+00
2.268000000000000000e+04 0.000000000000000000e+00
2.270000000000000000e+04 0.000000000000000000e+00
2.272000000000000000e+04 0.000000000000000000e+00
2.274000000000000000e+04 0.000000000000000000e+00
2.276000000000000000e+04 0.000000000000000000e+00
2.278000000000000000e+04 0.000000000000000000e+00
2.280000000000000000e+04 0.000000000000000000e+00
2.282000000000000000e+04 0.000000000000000000e+00
2.284000000000000000e+04 0.000000000000000000e+00
2.286000000000000000e+04 0.000000000000000000e+00
2.288000000000000000e+04 0.000000000000000000e+00
2.290000000000000000e+04 0.000000000000000000e+00
2.292000000000000000e+04 0.000000000000000000e+00
2.294000000000000000e+04 0.000000000000000000e+00
2.296000000000000000e+04 0.000000000000000000e+00
2.298000000000000000e+04 0.000000000000000000e+00
2.300000000000000000e+04 0.000000000000000000e+00
2.302000000000000000e+04 0.000000000000000000e+00
2.304000000000000000e+04 0.000000000000000000e+00
2.306000000000000000e+04 0.000000000000000000e+00
2.308000000000000000e+04 0.000000000000000000e+00
2.310000000000000000e+04 0.000000000000000000e+00
2.312000000000000000e+04 0.000000000000000000e+00
2.314000000000000000e+04 0.000000000000000000e+00
2.316000000000000000e+04 0.000000000000000000e+00
2.318000000000000000e+04 0.000000000000000000e+00
2.320000000000000000e+04 0.000000000000000000e+00
2.322000000000000000e+04 0.000000000000000000e+00
2.324000000000000000e+04 0.000000000000000000e+00
2.326000000000000000e+04 0.000000000000000000e+00
2.328000000000000000e+04 0.000000000000000000e+00
2.330000000000000000e+04 0.000000000000000000e+00
2.332000000000000000e+04 0.000000000000000000e+00
2.334000000000000000e+04 0.000000000000000000e+00
2.336000000000000000e+04 0.000000000000000000e+00
2.338000000000000000e+04 0.000000000000000000e+00
2.340000000000000000e+04 0.000000000000000000e+00
2.342000000000000000e+04 0.000000000000000000e+00
2.344000000000000000e+04 0.000000000000000000e+00
2.346000000000000000e+04 0.000000000000000000e+00
2.348000000000000000e+04 0.000000000000000000e+00
2.350000000000000000e+04 0.000000000000000000e+00
2.352000000000000000e+04 0.000000000000000000e+00
2.354000000000000000e+04 0.000000000000000000e+00
2.356000000000000000e+04 0.000000000000000000e+00
2.358000000000000000e+04 0.000000000000000000e+00
2.360000000000000000e+04 0.000000000000000000e+00
2.362000000000000000e+04 0.000000000000000000e+00
2.364000000000000000e+04 0.000000000000000000e+00
2.366000000000000000e+04 0.000000000000000000e+00
2.368000000000000000e+04 0.000000000000000000e+00
2.370000000000000000e+04 0.000000000000000000e+00
2.372000000000000000e+04 0.000000000000000000e+00
2.374000000000000000e+04 0.000000000000000000e+00
2.376000000000000000e+04 0.000000000000000000e+00
2.378000000000000000e+04 0.000000000000000000e+00
2.380000000000000000e+04 0.000000000000000000e+00
2.382000000000000000e+04 0.000000000000000000e+00
2.384000000000000000e+04 0.000000000000000000e+00
2.386000000000000000e+04 0.000000000000000000e+00
2.388000000000000000e+04 0.000000000000000000e+00
2.390000000000000000e+04 0.000000000000000000e+00
2.392000000000000000e+04 0.000000000000000000e+00
2.394000000000000000e+04 0.000000000000000000e+00
2.396000000000000000e+04 0.000000000000000000e+00
2.398000000000000000e+04 0.000000000000000000e+00
2.400000000000000000e+04 0.000000000000000000e+00
2.402000000000000000e+04 0.000000000000000000e+00
2.404000000000000000e+04 0.000000000000000000e+00
2.406000000000000000e+04 0.000000000000000000e+00
2.408000000000000000e+04 0.000000000000000000e+00
2.410000000000000000e+04 0.000000000000000000e+00
2.412000000000000000e+04 0.000000000000000000e+00
2.414000000000000000e+04 0.000000000000000000e+00
2.416000000000000000e+04 0.000000000000000000e+00
2.418000000000000000e+04 0.000000000000000000e+00
2.420000000000000000e+04 0.000000000000000000e+00
2.422000000000000000e+04 0.000000000000000000e+00
2.424000000000000000e+04 0.000000000000000000e+00
2.426000000000000000e+04 0.000000000000000000e+00
2.428000000000000000e+04 0.000000000000000000e+00
2.430000000000000000e+04 0.000000000000000000e+00
2.432000000000000000e+04 0.000000000000000000e+00
2.434000000000000000e+04 0.000000000000000000e+00
2.436000000000000000e+04 0.000000000000000000e+00
2.438000000000000000e+04 0.000000000000000000e+00
2.440000000000000000e+04 0.000000000000000000e+00
2.442000000000000000e+04 0.000000000000000000e+00
2.444000000000000000e+04 0.000000000000000000e+00
2.446000000000000000e+04 0.000000000000000000e+00
2.448000000000000000e+04 0.000000000000000000e+00
2.450000000000000000e+04 0.000000000000000000e+00
2.452000000000000000e+04 0.000000000000000000e+00
2.454000000000000000e+04 0.000000000000000000e+00
2.456000000000000000e+04 0.000000000000000000e+00
2.458000000000000000e+04 0.000000000000000000e+00
2.460000000000000000e+04 0.000000000000000000e+00
2.462000000000000000e+04 0.000000000000000000e+00
2.464000000000000000e+04 0.000000000000000000e+00
2.466000000000000000e+04 0.000000000000000000e+00
2.468000000000000000e+04 0.000000000000000000e+00
2.470000000000000000e+04 0.000000000000000000e+00
2.472000000000000000e+04 0.000000000000000000e+00
2.474000000000000000e+04 0.000000000000000000e+00
2.476000000000000000e+04 0.000000000000000000e+00
2.478000000000000000e+04 0.000000000000000000e+00
2.480000000000000000e+04 0.000000000000000000e+00
2.482000000000000000e+04 0.000000000000000000e+00
2.484000000000000000e+04 0.000000000000000000e+00
2.486000000000000000e+04 0.000000000000000000e+00
2.488000000000000000e+04 0.000000000000000000e+00
2.490000000000000000e+04 0.000000000000000000e+00
2.492000000000000000e+04 0.000000000000000000e+00
2.494000000000000000e+04 0.000000000000000000e+00
2.496000000000000000e+04 0.000000000000000000e+00
2.498000000000000000e+04 0.000000000000000000e+00
2.500000000000000000e+04 0.000000000000000000e+00
