4.000000000000000000e+03 0.000000000000000000e+00
4.020000000000000000e+03 0.000000000000000000e+00
4.040000000000000000e+03 0.000000000000000000e+00
4.060000000000000000e+03 0.000000000000000000e+00
4.080000000000000000e+03 0.000000000000000000e+00
4.100000000000000000e+03 0.000000000000000000e+00
4.120000000000000000e+03 0.000000000000000000e+00
4.140000000000000000e+03 0.000000000000000000e+00
4.160000000000000000e+03 0.000000000000000000e+00
4.180000000000000000e+03 0.000000000000000000e+00
4.200000000000000000e+03 0.000000000000000000e+00
4.220000000000000000e+03 0.000000000000000000e+00
4.240000000000000000e+03 0.000000000000000000e+00
4.260000000000000000e+03 0.000000000000000000e+00
4.280000000000000000e+03 0.000000000000000000e+00
4.300000000000000000e+03 0.000000000000000000e+00
4.320000000000000000e+03 0.000000000000000000e+00
4.340000000000000000e+03 0.000000000000000000e+00
4.360000000000000000e+03 0.000000000000000000e+00
4.380000000000000000e+03 0.000000000000000000e+00
4.400000000000000000e+03 0.000000000000000000e+00
4.420000000000000000e+03 0.000000000000000000e+00
4.440000000000000000e+03 0.000000000000000000e+00
4.460000000000000000e+03 0.000000000000000000e+00
4.480000000000000000e+03 0.000000000000000000e+00
4.500000000000000000e+03 0.000000000000000000e+00
4.520000000000000000e+03 0.000000000000000000e+00
4.540000000000000000e+03 0.000000000000000000e+00
4.560000000000000000e+03 0.000000000000000000e+00
4.580000000000000000e+03 0.000000000000000000e+00
4.600000000000000000e+03 0.000000000000000000e+00
4.620000000000000000e+03 0.000000000000000000e+00
4.640000000000000000e+03 0.000000000000000000e+00
4.660000000000000000e+03 0.000000000000000000e+00
4.680000000000000000e+03 0.000000000000000000e+00
4.700000000000000000e+03 0.000000000000000000e+00
4.720000000000000000e+03 0.000000000000000000e+00
4.740000000000000000e+03 0.000000000000000000e+00
4.760000000000000000e+03 0.000000000000000000e+00
4.780000000000000000e+03 0.000000000000000000e+00
4.800000000000000000e+03 0.000000000000000000e+00
4.820000000000000000e+03 0.000000000000000000e+00
4.840000000000000000e+03 0.000000000000000000e+00
4.860000000000000000e+03 0.000000000000000000e+00
4.880000000000000000e+03 0.000000000000000000e+00
4.900000000000000000e+03 0.000000000000000000e+00
4.920000000000000000e+03 0.000000000000000000e+00
4.940000000000000000e+03 0.000000000000000000e+00
4.960000000000000000e+03 0.000000000000000000e+00
4.980000000000000000e+03 0.000000000000000000e+00
5.000000000000000000e+03 0.000000000000000000e+00
5.020000000000000000e+03 0.000000000000000000e+00
5.040000000000000000e+03 0.000000000000000000e+00
5.060000000000000000e+03 0.000000000000000000e+00
5.080000000000000000e+03 0.000000000000000000e+00
5.100000000000000000e+03 0.000000000000000000e+00
5.120000000000000000e+03 0.000000000000000000e+00
5.140000000000000000e+03 0.000000000000000000e+00
5.160000000000000000e+03 0.000000000000000000e+00
5.180000000000000000e+03 0.000000000000000000e+00
5.200000000000000000e+03 0.000000000000000000e+00
5.220000000000000000e+03 0.000000000000000000e+00
5.240000000000000000e+03 0.000000000000000000e+00
5.260000000000000000e+03 0.000000000000000000e+00
5.280000000000000000e+03 0.000000000000000000e+00
5.300000000000000000e+03 0.000000000000000000e+00
5.320000000000000000e+03 0.000000000000000000e+00
5.340000000000000000e+03 0.000000000000000000e+00
5.360000000000000000e+03 0.000000000000000000e+00
5.380000000000000000e+03 0.000000000000000000e+00
5.400000000000000000e+03 0.000000000000000000e+00
5.420000000000000000e+03 0.000000000000000000e+00
5.440000000000000000e+03 0.000000000000000000e+00
5.460000000000000000e+03 0.000000000000000000e+00
5.480000000000000000e+03 0.000000000000000000e+00
5.500000000000000000e+03 0.000000000000000000e+00
5.520000000000000000e+03 0.000000000000000000e+00
5.540000000000000000e+03 0.000000000000000000e+00
5.560000000000000000e+03 0.000000000000000000e+00
5.580000000000000000e+03 0.000000000000000000e+00
5.600000000000000000e+03 0.000000000000000000e+00
5.620000000000000000e+03 0.000000000000000000e+00
5.640000000000000000e+03 0.000000000000000000e+00
5.660000000000000000e+03 0.000000000000000000e+00
5.680000000000000000e+03 0.000000000000000000e+00
5.700000000000000000e+03 0.000000000000000000e+00
5.720000000000000000e+03 0.000000000000000000e+00
5.740000000000000000e+03 0.000000000000000000e+00
5.760000000000000000e+03 0.000000000000000000e+00
5.780000000000000000e+03 0.000000000000000000e+00
5.800000000000000000e+03 0.000000000000000000e+00
5.820000000000000000e+03 0.000000000000000000e+00
5.840000000000000000e+03 0.000000000000000000e+00
5.860000000000000000e+03 0.000000000000000000e+00
5.880000000000000000e+03 0.000000000000000000e+00
5.900000000000000000e+03 0.000000000000000000e+00
5.920000000000000000e+03 0.000000000000000000e+00
5.940000000000000000e+03 0.000000000000000000e+00
5.960000000000000000e+03 0.000000000000000000e+00
5.980000000000000000e+03 0.000000000000000000e+00
6.000000000000000000e+03 0.000000000000000000e+00
6.020000000000000000e+03 0.000000000000000000e+00
6.040000000000000000e+03 0.000000000000000000e+00
6.060000000000000000e+03 0.000000000000000000e+00
6.080000000000000000e+03 0.000000000000000000e+00
6.100000000000000000e+03 0.000000000000000000e+00
6.120000000000000000e+03 0.000000000000000000e+00
6.140000000000000000e+03 0.000000000000000000e+00
6.160000000000000000e+03 0.000000000000000000e+00
6.180000000000000000e+03 0.000000000000000000e+00
6.200000000000000000e+03 0.000000000000000000e+00
6.220000000000000000e+03 0.000000000000000000e+00
6.240000000000000000e+03 0.000000000000000000e+00
6.260000000000000000e+03 0.000000000000000000e+00
6.280000000000000000e+03 0.000000000000000000e+00
6.300000000000000000e+03 0.000000000000000000e+00
6.320000000000000000e+03 0.000000000000000000e+00
6.340000000000000000e+03 0.000000000000000000e+00
6.360000000000000000e+03 0.000000000000000000e+00
6.380000000000000000e+03 0.000000000000000000e+00
6.400000000000000000e+03 0.000000000000000000e+00
6.420000000000000000e+03 0.000000000000000000e+00
6.440000000000000000e+03 0.000000000000000000e+00
6.460000000000000000e+03 0.000000000000000000e+00
6.480000000000000000e+03 0.000000000000000000e+00
6.500000000000000000e+03 0.000000000000000000e+00
6.520000000000000000e+03 0.000000000000000000e+00
6.540000000000000000e+03 0.000000000000000000e+00
6.560000000000000000e+03 0.000000000000000000e+00
6.580000000000000000e+03 0.000000000000000000e+00
6.600000000000000000e+03 0.000000000000000000e+00
6.620000000000000000e+03 0.000000000000000000e+00
6.640000000000000000e+03 0.000000000000000000e+00
6.660000000000000000e+03 0.000000000000000000e+00
6.680000000000000000e+03 0.000000000000000000e+00
6.700000000000000000e+03 0.000000000000000000e+00
6.720000000000000000e+03 0.000000000000000000e+00
6.740000000000000000e+03 0.000000000000000000e+00
6.760000000000000000e+03 0.000000000000000000e+00
6.780000000000000000e+03 0.000000000000000000e+00
6.800000000000000000e+03 0.000000000000000000e+00
6.820000000000000000e+03 0.000000000000000000e+00
6.840000000000000000e+03 0.000000000000000000e+00
6.860000000000000000e+03 0.000000000000000000e+00
6.880000000000000000e+03 0.000000000000000000e+00
6.900000000000000000e+03 0.000000000000000000e+00
6.920000000000000000e+03 0.000000000000000000e+00
6.940000000000000000e+03 0.000000000000000000e+00
6.960000000000000000e+03 0.000000000000000000e+00
6.980000000000000000e+03 0.000000000000000000e+00
7.000000000000000000e+03 0.000000000000000000e+00
7.020000000000000000e+03 0.000000000000000000e+00
7.040000000000000000e+03 0.000000000000000000e+00
7.060000000000000000e+03 0.000000000000000000e+00
7.080000000000000000e+03 0.000000000000000000e+00
7.100000000000000000e+03 0.000000000000000000e+00
7.120000000000000000e+03 0.000000000000000000e+00
7.140000000000000000e+03 0.000000000000000000e+00
7.160000000000000000e+03 0.000000000000000000e+00
7.180000000000000000e+03 0.000000000000000000e+00
7.200000000000000000e+03 0.000000000000000000e+00
7.220000000000000000e+03 0.000000000000000000e+00
7.240000000000000000e+03 0.000000000000000000e+00
7.260000000000000000e+03 0.000000000000000000e+00
7.280000000000000000e+03 0.000000000000000000e+00
7.300000000000000000e+03 0.000000000000000000e+00
7.320000000000000000e+03 0.000000000000000000e+00
7.340000000000000000e+03 0.000000000000000000e+00
7.360000000000000000e+03 0.000000000000000000e+00
7.380000000000000000e+03 0.000000000000000000e+00
7.400000000000000000e+03 0.000000000000000000e+00
7.420000000000000000e+03 0.000000000000000000e+00
7.440000000000000000e+03 0.000000000000000000e+00
7.460000000000000000e+03 0.000000000000000000e+00
7.480000000000000000e+03 0.000000000000000000e+00
7.500000000000000000e+03 0.000000000000000000e+00
7.520000000000000000e+03 0.000000000000000000e+00
7.540000000000000000e+03 0.000000000000000000e+00
7.560000000000000000e+03 0.000000000000000000e+00
7.580000000000000000e+03 0.000000000000000000e+00
7.600000000000000000e+03 0.000000000000000000e+00
7.620000000000000000e+03 0.000000000000000000e+00
7.640000000000000000e+03 0.000000000000000000e+00
7.660000000000000000e+03 0.000000000000000000e+00
7.680000000000000000e+03 0.000000000000000000e+00
7.700000000000000000e+03 0.000000000000000000e+00
7.720000000000000000e+03 0.000000000000000000e+00
7.740000000000000000e+03 0.000000000000000000e+00
7.760000000000000000e+03 0.000000000000000000e+00
7.780000000000000000e+03 0.000000000000000000e+00
7.800000000000000000e+03 0.000000000000000000e+00
7.820000000000000000e+03 0.000000000000000000e+00
7.840000000000000000e+03 0.000000000000000000e+00
7.860000000000000000e+03 0.000000000000000000e+00
7.880000000000000000e+03 0.000000000000000000e+00
7.900000000000000000e+03 0.000000000000000000e+00
7.920000000000000000e+03 0.000000000000000000e+00
7.940000000000000000e+03 0.000000000000000000e+00
7.960000000000000000e+03 0.000000000000000000e+00
7.980000000000000000e+03 0.000000000000000000e+00
8.000000000000000000e+03 0.000000000000000000e+00
8.020000000000000000e+03 0.000000000000000000e+00
8.040000000000000000e+03 0.000000000000000000e+00
8.060000000000000000e+03 0.000000000000000000e+00
8.080000000000000000e+03 0.000000000000000000e+00
8.100000000000000000e+03 0.000000000000000000e+00
8.120000000000000000e+03 0.000000000000000000e+00
8.140000000000000000e+03 0.000000000000000000e+00
8.160000000000000000e+03 0.000000000000000000e+00
8.180000000000000000e+03 0.000000000000000000e+00
8.200000000000000000e+03 0.000000000000000000e+00
8.220000000000000000e+03 0.000000000000000000e+00
8.240000000000000000e+03 0.000000000000000000e+00
8.260000000000000000e+03 0.000000000000000000e+00
8.280000000000000000e+03 0.000000000000000000e+00
8.300000000000000000e+03 0.000000000000000000e+00
8.320000000000000000e+03 0.000000000000000000e+00
8.340000000000000000e+03 0.000000000000000000e+00
8.360000000000000000e+03 0.000000000000000000e+00
8.380000000000000000e+03 0.000000000000000000e+00
8.400000000000000000e+03 0.000000000000000000e+00
8.420000000000000000e+03 0.000000000000000000e+00
8.440000000000000000e+03 0.000000000000000000e+00
8.460000000000000000e+03 0.000000000000000000e+00
8.480000000000000000e+03 0.000000000000000000e+00
8.500000000000000000e+03 0.000000000000000000e+00
8.520000000000000000e+03 0.000000000000000000e+00
8.540000000000000000e+03 0.000000000000000000e+00
8.560000000000000000e+03 0.000000000000000000e+00
8.580000000000000000e+03 0.000000000000000000e+00
8.600000000000000000e+03 0.000000000000000000e+00
8.620000000000000000e+03 0.000000000000000000e+00
8.640000000000000000e+03 0.000000000000000000e+00
8.660000000000000000e+03 0.000000000000000000e+00
8.680000000000000000e+03 0.000000000000000000e+00
8.700000000000000000e+03 0.000000000000000000e+00
8.720000000000000000e+03 0.000000000000000000e+00
8.740000000000000000e+03 0.000000000000000000e+00
8.760000000000000000e+03 0.000000000000000000e+00
8.780000000000000000e+03 0.000000000000000000e+00
8.800000000000000000e+03 0.000000000000000000e+00
8.820000000000000000e+03 0.000000000000000000e+00
8.840000000000000000e+03 0.000000000000000000e+00
8.860000000000000000e+03 0.000000000000000000e+00
8.880000000000000000e+03 0.000000000000000000e+00
8.900000000000000000e+03 0.000000000000000000e+00
8.920000000000000000e+03 0.000000000000000000e+00
8.940000000000000000e+03 0.000000000000000000e+00
8.960000000000000000e+03 0.000000000000000000e+00
8.980000000000000000e+03 0.000000000000000000e+00
9.000000000000000000e+03 0.000000000000000000e+00
9.020000000000000000e+03 0.000000000000000000e+00
9.040000000000000000e+03 0.000000000000000000e+00
9.060000000000000000e+03 2.510449015196512131e-07
9.080000000000000000e+03 6.285364747701576760e-07
9.100000000000000000e+03 1.872723666086144906e-06
9.120000000000000000e+03 2.653454858774808592e-06
9.140000000000000000e+03 3.706274870090788477e-06
9.160000000000000000e+03 6.494332135405323068e-06
9.180000000000000000e+03 1.151409971556563879e-05
9.200000000000000000e+03 1.990279253082952738e-05
9.220000000000000000e+03 3.268800949291911500e-05
9.240000000000000000e+03 5.112116583133448448e-05
9.260000000000000000e+03 5.599734402380643057e-05
9.280000000000000000e+03 5.970100553812672989e-05
9.300000000000000000e+03 5.366336487952250199e-05
9.320000000000000000e+03 4.088279545816943917e-05
9.340000000000000000e+03 4.350247831401727748e-05
9.360000000000000000e+03 2.913636493001592071e-05
9.380000000000000000e+03 2.943750564243460639e-05
9.400000000000000000e+03 2.611313060240700416e-05
9.420000000000000000e+03 3.392363416688438412e-05
9.440000000000000000e+03 3.891851238829893380e-05
9.460000000000000000e+03 5.018889846413748806e-05
9.480000000000000000e+03 5.339843574268282085e-05
9.500000000000000000e+03 7.962634763891973937e-05
9.520000000000000000e+03 9.854930335364909318e-05
9.540000000000000000e+03 1.179745465077739370e-04
9.560000000000000000e+03 1.378915129915264128e-04
9.580000000000000000e+03 1.507053029942877014e-04
9.600000000000000000e+03 1.432038722627174089e-04
9.620000000000000000e+03 1.119231481778297667e-04
9.640000000000000000e+03 8.647440190201223910e-05
9.660000000000000000e+03 6.201959459318643123e-05
9.680000000000000000e+03 4.966171770544733696e-05
9.700000000000000000e+03 3.323325179869636675e-05
9.720000000000000000e+03 2.680875028150793372e-05
9.740000000000000000e+03 1.517778910627262333e-05
9.760000000000000000e+03 1.195178740513128038e-05
9.780000000000000000e+03 8.385164388694631160e-06
9.800000000000000000e+03 7.523237001010395735e-06
9.820000000000000000e+03 1.145693585888133334e-05
9.840000000000000000e+03 1.733348395191610685e-05
9.860000000000000000e+03 1.655334369003495394e-05
9.880000000000000000e+03 3.381851103897085253e-05
9.900000000000000000e+03 5.092840206657745097e-05
9.920000000000000000e+03 6.491306865842483178e-05
9.940000000000000000e+03 7.457372644693688552e-05
9.960000000000000000e+03 9.434711670780598631e-05
9.980000000000000000e+03 1.185433917952594639e-04
1.000000000000000000e+04 1.339344673959223624e-04
1.002000000000000000e+04 1.317611941566867279e-04
1.004000000000000000e+04 1.211129837516693202e-04
1.006000000000000000e+04 9.225940054574259573e-05
1.008000000000000000e+04 7.618223910557180522e-05
1.010000000000000000e+04 6.153512746934782071e-05
1.012000000000000000e+04 4.251422781591848705e-05
1.014000000000000000e+04 3.018783657013750853e-05
1.016000000000000000e+04 2.936476333431472168e-05
1.018000000000000000e+04 1.326808269537450681e-05
1.020000000000000000e+04 9.382359995312017280e-06
1.022000000000000000e+04 1.094440648927483584e-05
1.024000000000000000e+04 4.719078006828802576e-06
1.026000000000000000e+04 2.964466082144267655e-06
1.028000000000000000e+04 5.583638353579630466e-06
1.030000000000000000e+04 9.946591924652059213e-06
1.032000000000000000e+04 1.228956924266510558e-05
1.034000000000000000e+04 2.375256357021311265e-05
1.036000000000000000e+04 3.901065885197491778e-05
1.038000000000000000e+04 5.630389209413177385e-05
1.040000000000000000e+04 7.592974881658672449e-05
1.042000000000000000e+04 8.733171569031591129e-05
1.044000000000000000e+04 1.153667374161428984e-04
1.046000000000000000e+04 1.307982011490376427e-04
1.048000000000000000e+04 1.211606262397882828e-04
1.050000000000000000e+04 9.988177251016731374e-05
1.052000000000000000e+04 7.826507212335939213e-05
1.054000000000000000e+04 7.863915394817719447e-05
1.056000000000000000e+04 8.315383942046740233e-05
1.058000000000000000e+04 9.394805922225415117e-05
1.060000000000000000e+04 1.029044279607478429e-04
1.062000000000000000e+04 1.077244067880845681e-04
1.064000000000000000e+04 1.238822755955731815e-04
1.066000000000000000e+04 1.153832262761288592e-04
1.068000000000000000e+04 1.030891408946459954e-04
1.070000000000000000e+04 8.552570589315439988e-05
1.072000000000000000e+04 8.208847639802743573e-05
1.074000000000000000e+04 8.580181405542452414e-05
1.076000000000000000e+04 8.387309885331886976e-05
1.078000000000000000e+04 8.352232851548887789e-05
1.080000000000000000e+04 9.809249894058464389e-05
1.082000000000000000e+04 1.016130866820188128e-04
1.084000000000000000e+04 1.172862412907465401e-04
1.086000000000000000e+04 1.147137212901794371e-04
1.088000000000000000e+04 1.222801800248172934e-04
1.090000000000000000e+04 1.108804363111344884e-04
1.092000000000000000e+04 1.018428484107395895e-04
1.094000000000000000e+04 9.673405692738515469e-05
1.096000000000000000e+04 9.476778170228921175e-05
1.098000000000000000e+04 9.417988381900902091e-05
1.100000000000000000e+04 1.054619022513042395e-04
1.102000000000000000e+04 1.028143749505557063e-04
1.104000000000000000e+04 1.169243244954937423e-04
1.106000000000000000e+04 1.152866843761967119e-04
1.108000000000000000e+04 1.294907589007480520e-04
1.110000000000000000e+04 1.439501220142988677e-04
1.112000000000000000e+04 1.336620495667613622e-04
1.114000000000000000e+04 9.240494844177954566e-05
1.116000000000000000e+04 5.053839267256529725e-05
1.118000000000000000e+04 3.077436042224640386e-05
1.120000000000000000e+04 3.217824386429507278e-05
1.122000000000000000e+04 2.154710334616144785e-05
1.124000000000000000e+04 2.532953773233235665e-05
1.126000000000000000e+04 3.656735270787115347e-05
1.128000000000000000e+04 4.412459923045863544e-05
1.130000000000000000e+04 4.921221531790811836e-05
1.132000000000000000e+04 4.842861195430083637e-05
1.134000000000000000e+04 5.359133905626500686e-05
1.136000000000000000e+04 6.212124552552099961e-05
1.138000000000000000e+04 7.041706452120871564e-05
1.140000000000000000e+04 6.917440564322483289e-05
1.142000000000000000e+04 7.690773875736341657e-05
1.144000000000000000e+04 7.873626957794534762e-05
1.146000000000000000e+04 7.970622965902344613e-05
1.148000000000000000e+04 7.891273701117355931e-05
1.150000000000000000e+04 2.897860334371598403e-05
1.152000000000000000e+04 2.895092327381426644e-05
1.154000000000000000e+04 2.888141586730685908e-05
1.156000000000000000e+04 5.775115029169018157e-05
1.158000000000000000e+04 6.250978800493792046e-05
1.160000000000000000e+04 8.162581088030741792e-05
1.162000000000000000e+04 8.632913750302045083e-05
1.164000000000000000e+04 9.582284687233102885e-05
1.166000000000000000e+04 1.004957388126563638e-04
1.168000000000000000e+04 9.092539730770698525e-05
1.170000000000000000e+04 7.652779288260449652e-05
1.172000000000000000e+04 8.119211388959746449e-05
1.174000000000000000e+04 1.051395636135495190e-04
1.176000000000000000e+04 1.288204343782730732e-04
1.178000000000000000e+04 1.481421211935583684e-04
1.180000000000000000e+04 2.147211303511784117e-04
1.182000000000000000e+04 3.623326803637449836e-04
1.184000000000000000e+04 6.772255303549562901e-04
1.186000000000000000e+04 1.397526018676969323e-03
1.188000000000000000e+04 2.989202488095468388e-03
1.190000000000000000e+04 6.384217912506973819e-03
1.192000000000000000e+04 1.272003435477499049e-02
1.194000000000000000e+04 2.424164178923269436e-02
1.196000000000000000e+04 4.470497704277281298e-02
1.198000000000000000e+04 7.946819032427478169e-02
1.200000000000000000e+04 1.337814120256010098e-01
1.202000000000000000e+04 2.108804717251186178e-01
1.204000000000000000e+04 3.048388368933329651e-01
1.206000000000000000e+04 3.953386284399612594e-01
1.208000000000000000e+04 4.607375803588313334e-01
1.210000000000000000e+04 4.951266695241779425e-01
1.212000000000000000e+04 5.096981154728008612e-01
1.214000000000000000e+04 5.109948369991733630e-01
1.216000000000000000e+04 5.132320414088179517e-01
1.218000000000000000e+04 5.155088146512820657e-01
1.220000000000000000e+04 5.169891651288980317e-01
1.222000000000000000e+04 5.192904483197019472e-01
1.224000000000000000e+04 5.207302118917269684e-01
1.226000000000000000e+04 5.227708989885212487e-01
1.228000000000000000e+04 5.250115600573567187e-01
1.230000000000000000e+04 5.264920979813505486e-01
1.232000000000000000e+04 5.284001108561726667e-01
1.234000000000000000e+04 5.303190411097764567e-01
1.236000000000000000e+04 5.317627267081957987e-01
1.238000000000000000e+04 5.338751868790874155e-01
1.240000000000000000e+04 5.353752961143501965e-01
1.242000000000000000e+04 5.377705942857420318e-01
1.244000000000000000e+04 5.391881617601611554e-01
1.246000000000000000e+04 5.415942173855564645e-01
1.248000000000000000e+04 5.434319264167529751e-01
1.250000000000000000e+04 5.457441946845595915e-01
1.252000000000000000e+04 5.479942120396006366e-01
1.254000000000000000e+04 5.495724705864358794e-01
1.256000000000000000e+04 5.521009735896073023e-01
1.258000000000000000e+04 5.545583302592312913e-01
1.260000000000000000e+04 5.568795235063984661e-01
1.262000000000000000e+04 5.587991981248053852e-01
1.264000000000000000e+04 5.604634214639822032e-01
1.266000000000000000e+04 5.621996229641907927e-01
1.268000000000000000e+04 5.645896031607189336e-01
1.270000000000000000e+04 5.656642681099334213e-01
1.272000000000000000e+04 5.679564540094500513e-01
1.274000000000000000e+04 5.688924699017873232e-01
1.276000000000000000e+04 5.703323232033876700e-01
1.278000000000000000e+04 5.715658945673667279e-01
1.280000000000000000e+04 5.724703110828269770e-01
1.282000000000000000e+04 5.739602361329525504e-01
1.284000000000000000e+04 5.744562304675645548e-01
1.286000000000000000e+04 5.761009398721356201e-01
1.288000000000000000e+04 5.771669971873492067e-01
1.290000000000000000e+04 5.779094224784842027e-01
1.292000000000000000e+04 5.792313587875709269e-01
1.294000000000000000e+04 5.793642035390175193e-01
1.296000000000000000e+04 5.811023963620494115e-01
1.298000000000000000e+04 5.827669114802149775e-01
1.300000000000000000e+04 5.841116587646792979e-01
1.302000000000000000e+04 5.861590883499551152e-01
1.304000000000000000e+04 5.869419788249718994e-01
1.306000000000000000e+04 5.887856420935881907e-01
1.308000000000000000e+04 5.908559441974634563e-01
1.310000000000000000e+04 5.917047664802043139e-01
1.312000000000000000e+04 5.942925066433650816e-01
1.314000000000000000e+04 5.959235551172271661e-01
1.316000000000000000e+04 5.976140069039572733e-01
1.318000000000000000e+04 5.985945502815259722e-01
1.320000000000000000e+04 6.004303520651260717e-01
1.322000000000000000e+04 6.022277334824858164e-01
1.324000000000000000e+04 6.027613164094696163e-01
1.326000000000000000e+04 6.056970089485259612e-01
1.328000000000000000e+04 6.057333957432907701e-01
1.330000000000000000e+04 6.066633831934649113e-01
1.332000000000000000e+04 6.086924759546662456e-01
1.334000000000000000e+04 6.095398729435255181e-01
1.336000000000000000e+04 6.112470634153154281e-01
1.338000000000000000e+04 6.119112841013338855e-01
1.340000000000000000e+04 6.122662802245461000e-01
1.342000000000000000e+04 6.135368399493471570e-01
1.344000000000000000e+04 6.145816557947108016e-01
1.346000000000000000e+04 6.155048688884415808e-01
1.348000000000000000e+04 6.159090965506144322e-01
1.350000000000000000e+04 6.163439187327239832e-01
1.352000000000000000e+04 6.178554120119217341e-01
1.354000000000000000e+04 6.191825202614760215e-01
1.356000000000000000e+04 6.196448874230195969e-01
1.358000000000000000e+04 6.206488992843521846e-01
1.360000000000000000e+04 6.209586492964589421e-01
1.362000000000000000e+04 6.223931998317396852e-01
1.364000000000000000e+04 6.222217169891175459e-01
1.366000000000000000e+04 6.234428626783550254e-01
1.368000000000000000e+04 6.236674812054188166e-01
1.370000000000000000e+04 6.240156538548465859e-01
1.372000000000000000e+04 6.253944057097546860e-01
1.374000000000000000e+04 6.256820094378130470e-01
1.376000000000000000e+04 6.265556263601823606e-01
1.378000000000000000e+04 6.261422953611729403e-01
1.380000000000000000e+04 6.266803257116234649e-01
1.382000000000000000e+04 6.264078284806094965e-01
1.384000000000000000e+04 6.275793668132393366e-01
1.386000000000000000e+04 6.275291181856382794e-01
1.388000000000000000e+04 6.278269818079631470e-01
1.390000000000000000e+04 6.284062918949120391e-01
1.392000000000000000e+04 6.276135041619679278e-01
1.394000000000000000e+04 6.288514993453123703e-01
1.396000000000000000e+04 6.290692564864793779e-01
1.398000000000000000e+04 6.283274326326786507e-01
1.400000000000000000e+04 6.296940776423652908e-01
1.402000000000000000e+04 6.291485631331861228e-01
1.404000000000000000e+04 6.304103911656603332e-01
1.406000000000000000e+04 6.299921390682019506e-01
1.408000000000000000e+04 6.305909807509536558e-01
1.410000000000000000e+04 6.311813798248024909e-01
1.412000000000000000e+04 6.309469289765191613e-01
1.414000000000000000e+04 6.321666389259044116e-01
1.416000000000000000e+04 6.323156218062531142e-01
1.418000000000000000e+04 6.329081870736597004e-01
1.420000000000000000e+04 6.329225331972189172e-01
1.422000000000000000e+04 6.335030273443749138e-01
1.424000000000000000e+04 6.340947946484730702e-01
1.426000000000000000e+04 6.342844950411673510e-01
1.428000000000000000e+04 6.348185360052406301e-01
1.430000000000000000e+04 6.349452038163343470e-01
1.432000000000000000e+04 6.346731449170703865e-01
1.434000000000000000e+04 6.354391001238958170e-01
1.436000000000000000e+04 6.357298235850833423e-01
1.438000000000000000e+04 6.360285189610482837e-01
1.440000000000000000e+04 6.367145360255844766e-01
1.442000000000000000e+04 6.368298965528708111e-01
1.444000000000000000e+04 6.371281187278970970e-01
1.446000000000000000e+04 6.371255139380376242e-01
1.448000000000000000e+04 6.369774184644371173e-01
1.450000000000000000e+04 6.375290372223365587e-01
1.452000000000000000e+04 6.372729756474339036e-01
1.454000000000000000e+04 6.378539247159857872e-01
1.456000000000000000e+04 6.378534740405621406e-01
1.458000000000000000e+04 6.392331568457393365e-01
1.460000000000000000e+04 6.394172523287844356e-01
1.462000000000000000e+04 6.393214343920236020e-01
1.464000000000000000e+04 6.396220299977662949e-01
1.466000000000000000e+04 6.403591510659639718e-01
1.468000000000000000e+04 6.400884573559114665e-01
1.470000000000000000e+04 6.401667416577516700e-01
1.472000000000000000e+04 6.399684083468680784e-01
1.474000000000000000e+04 6.411870078380726978e-01
1.476000000000000000e+04 6.416440212337335414e-01
1.478000000000000000e+04 6.415363249616176100e-01
1.480000000000000000e+04 6.410553479561597046e-01
1.482000000000000000e+04 6.411950860042429090e-01
1.484000000000000000e+04 6.415984909714684825e-01
1.486000000000000000e+04 6.419398615165373689e-01
1.488000000000000000e+04 6.420636161991326585e-01
1.490000000000000000e+04 6.421331964021964600e-01
1.492000000000000000e+04 6.415461798673377514e-01
1.494000000000000000e+04 6.423304001569366539e-01
1.496000000000000000e+04 6.420155156915300365e-01
1.498000000000000000e+04 6.421584358205342236e-01
1.500000000000000000e+04 6.428123423313075735e-01
1.502000000000000000e+04 6.414972769729941904e-01
1.504000000000000000e+04 6.417334934841065763e-01
1.506000000000000000e+04 6.417587076209221308e-01
1.508000000000000000e+04 6.420520787584637068e-01
1.510000000000000000e+04 6.416291257191434338e-01
1.512000000000000000e+04 6.411963513911491663e-01
1.514000000000000000e+04 6.411922986705311800e-01
1.516000000000000000e+04 6.413122562856161668e-01
1.518000000000000000e+04 6.421284928971818795e-01
1.520000000000000000e+04 6.412711315447586768e-01
1.522000000000000000e+04 6.406071446711897321e-01
1.524000000000000000e+04 6.409805789423614897e-01
1.526000000000000000e+04 6.408700897183008394e-01
1.528000000000000000e+04 6.410624343409579984e-01
1.530000000000000000e+04 6.411783925095778658e-01
1.532000000000000000e+04 6.398477543835467962e-01
1.534000000000000000e+04 6.406304356222062291e-01
1.536000000000000000e+04 6.404073839955551906e-01
1.538000000000000000e+04 6.403364455056221871e-01
1.540000000000000000e+04 6.404415008520220054e-01
1.542000000000000000e+04 6.396969706338131445e-01
1.544000000000000000e+04 6.395165625487808647e-01
1.546000000000000000e+04 6.396019652003812617e-01
1.548000000000000000e+04 6.400586204504337129e-01
1.550000000000000000e+04 6.393651294190583201e-01
1.552000000000000000e+04 6.392412740463255805e-01
1.554000000000000000e+04 6.394781219490864865e-01
1.556000000000000000e+04 6.395623221597782626e-01
1.558000000000000000e+04 6.393133674737088157e-01
1.560000000000000000e+04 6.388403761691517913e-01
1.562000000000000000e+04 6.386104830432475232e-01
1.564000000000000000e+04 6.382731090523898754e-01
1.566000000000000000e+04 6.391415357322917101e-01
1.568000000000000000e+04 6.395005674455106481e-01
1.570000000000000000e+04 6.395984014926883177e-01
1.572000000000000000e+04 6.391624117522740622e-01
1.574000000000000000e+04 6.388550404324402354e-01
1.576000000000000000e+04 6.390712352398822960e-01
1.578000000000000000e+04 6.392672681337985274e-01
1.580000000000000000e+04 6.386232010859969055e-01
1.582000000000000000e+04 6.378702023507862862e-01
1.584000000000000000e+04 6.387111732631631789e-01
1.586000000000000000e+04 6.391474546937312429e-01
1.588000000000000000e+04 6.384803604673131572e-01
1.590000000000000000e+04 6.384882218147026611e-01
1.592000000000000000e+04 6.379170598049070939e-01
1.594000000000000000e+04 6.384335897199526766e-01
1.596000000000000000e+04 6.382050022963497993e-01
1.598000000000000000e+04 6.381470187617411804e-01
1.600000000000000000e+04 6.379765869608871043e-01
1.602000000000000000e+04 6.372248775568465362e-01
1.604000000000000000e+04 6.371350061745997273e-01
1.606000000000000000e+04 6.371225716999935340e-01
1.608000000000000000e+04 6.369935002858023720e-01
1.610000000000000000e+04 6.363154341628221022e-01
1.612000000000000000e+04 6.355248435019881237e-01
1.614000000000000000e+04 6.354888149071123982e-01
1.616000000000000000e+04 6.347530664064059414e-01
1.618000000000000000e+04 6.342931655613015529e-01
1.620000000000000000e+04 6.337390368371247362e-01
1.622000000000000000e+04 6.333100432825495840e-01
1.624000000000000000e+04 6.326776863860563704e-01
1.626000000000000000e+04 6.324463896836344246e-01
1.628000000000000000e+04 6.318766884573859821e-01
1.630000000000000000e+04 6.312009379983611890e-01
1.632000000000000000e+04 6.306467690355898048e-01
1.634000000000000000e+04 6.302792103580027172e-01
1.636000000000000000e+04 6.292932085282360033e-01
1.638000000000000000e+04 6.291853763525476761e-01
1.640000000000000000e+04 6.284595225541783625e-01
1.642000000000000000e+04 6.274915363865309903e-01
1.644000000000000000e+04 6.269427004067019693e-01
1.646000000000000000e+04 6.260711181174523077e-01
1.648000000000000000e+04 6.260074647623956601e-01
1.650000000000000000e+04 6.252261518531113671e-01
1.652000000000000000e+04 6.250751172916280129e-01
1.654000000000000000e+04 6.242914521392517457e-01
1.656000000000000000e+04 6.234336723952368375e-01
1.658000000000000000e+04 6.232143439474232549e-01
1.660000000000000000e+04 6.230257754538096604e-01
1.662000000000000000e+04 6.226943679735592596e-01
1.664000000000000000e+04 6.220148112002243934e-01
1.666000000000000000e+04 6.211406073912622006e-01
1.668000000000000000e+04 6.211853680842760461e-01
1.670000000000000000e+04 6.210888624059169860e-01
1.672000000000000000e+04 6.206484838767067913e-01
1.674000000000000000e+04 6.202811927446381102e-01
1.676000000000000000e+04 6.198331118805869844e-01
1.678000000000000000e+04 6.191952323347558185e-01
1.680000000000000000e+04 6.198071891509849829e-01
1.682000000000000000e+04 6.189458425604418279e-01
1.684000000000000000e+04 6.184911181368182298e-01
1.686000000000000000e+04 6.185051334795529376e-01
1.688000000000000000e+04 6.178177287575687959e-01
1.690000000000000000e+04 6.175918369842927635e-01
1.692000000000000000e+04 6.166862480526514867e-01
1.694000000000000000e+04 6.167021431212399429e-01
1.696000000000000000e+04 6.163947519187109592e-01
1.698000000000000000e+04 6.158849963393864257e-01
1.700000000000000000e+04 6.162340653218794095e-01
1.702000000000000000e+04 6.154103244651548676e-01
1.704000000000000000e+04 6.148568486935310773e-01
1.706000000000000000e+04 6.144390638280446959e-01
1.708000000000000000e+04 6.141805765560911512e-01
1.710000000000000000e+04 6.141721563556902241e-01
1.712000000000000000e+04 6.131870305862048287e-01
1.714000000000000000e+04 6.127642456618604960e-01
1.716000000000000000e+04 6.131970737772141078e-01
1.718000000000000000e+04 6.114456474673221065e-01
1.720000000000000000e+04 6.119341445380473976e-01
1.722000000000000000e+04 6.111152708307925341e-01
1.724000000000000000e+04 6.104815954479697604e-01
1.726000000000000000e+04 6.100062117134740225e-01
1.728000000000000000e+04 6.093978219856560630e-01
1.730000000000000000e+04 6.088814365343959700e-01
1.732000000000000000e+04 6.079655221460111836e-01
1.734000000000000000e+04 6.074303029037378954e-01
1.736000000000000000e+04 6.074443087515104533e-01
1.738000000000000000e+04 6.056949184502459227e-01
1.740000000000000000e+04 6.057945293326814085e-01
1.742000000000000000e+04 6.045988375895975375e-01
1.744000000000000000e+04 6.043295228290842536e-01
1.746000000000000000e+04 6.031417531969196499e-01
1.748000000000000000e+04 6.025163977266561055e-01
1.750000000000000000e+04 6.024107132735950776e-01
1.752000000000000000e+04 6.015445555241700770e-01
1.754000000000000000e+04 6.015026336856640343e-01
1.756000000000000000e+04 5.999572763558983501e-01
1.758000000000000000e+04 5.995671557876773861e-01
1.760000000000000000e+04 5.987353261659340564e-01
1.762000000000000000e+04 5.975255111023175525e-01
1.764000000000000000e+04 5.975087989854104276e-01
1.766000000000000000e+04 5.967964190550908432e-01
1.768000000000000000e+04 5.961904517244980273e-01
1.770000000000000000e+04 5.954898700013118162e-01
1.772000000000000000e+04 5.945379706039370937e-01
1.774000000000000000e+04 5.942675956946078530e-01
1.776000000000000000e+04 5.937380918822475762e-01
1.778000000000000000e+04 5.933939027183697812e-01
1.780000000000000000e+04 5.922536596779081064e-01
1.782000000000000000e+04 5.916840067690234406e-01
1.784000000000000000e+04 5.917958037492385692e-01
1.786000000000000000e+04 5.910996434082685935e-01
1.788000000000000000e+04 5.897460275880513914e-01
1.790000000000000000e+04 5.894827640440134520e-01
1.792000000000000000e+04 5.885917179374378083e-01
1.794000000000000000e+04 5.880278658771563860e-01
1.796000000000000000e+04 5.880464948868123765e-01
1.798000000000000000e+04 5.872951803273998017e-01
1.800000000000000000e+04 5.871640166954004147e-01
1.802000000000000000e+04 5.862638104100620362e-01
1.804000000000000000e+04 5.856987288014188220e-01
1.806000000000000000e+04 5.853217741860532453e-01
1.808000000000000000e+04 5.854063065049825987e-01
1.810000000000000000e+04 5.846448925744756053e-01
1.812000000000000000e+04 5.835909186928387449e-01
1.814000000000000000e+04 5.835127039001340998e-01
1.816000000000000000e+04 5.833774542707589328e-01
1.818000000000000000e+04 5.828534827614341163e-01
1.820000000000000000e+04 5.825806962812245526e-01
1.822000000000000000e+04 5.809911923105339771e-01
1.824000000000000000e+04 5.809885343848201211e-01
1.826000000000000000e+04 5.803789472257603332e-01
1.828000000000000000e+04 5.804140709566401046e-01
1.830000000000000000e+04 5.790565669150836703e-01
1.832000000000000000e+04 5.790838855399520479e-01
1.834000000000000000e+04 5.784252137468153254e-01
1.836000000000000000e+04 5.780681299096916970e-01
1.838000000000000000e+04 5.770231758167081448e-01
1.840000000000000000e+04 5.773977129069569614e-01
1.842000000000000000e+04 5.756309598392208571e-01
1.844000000000000000e+04 5.751037545602923906e-01
1.846000000000000000e+04 5.743142395689828650e-01
1.848000000000000000e+04 5.744357209927234420e-01
1.850000000000000000e+04 5.736921518398498954e-01
1.852000000000000000e+04 5.726897691950103564e-01
1.854000000000000000e+04 5.719486127264571396e-01
1.856000000000000000e+04 5.711076870372471248e-01
1.858000000000000000e+04 5.706349935399145368e-01
1.860000000000000000e+04 5.695390184754486329e-01
1.862000000000000000e+04 5.696187773334997484e-01
1.864000000000000000e+04 5.682994719849762122e-01
1.866000000000000000e+04 5.674447756968594714e-01
1.868000000000000000e+04 5.670885816406436852e-01
1.870000000000000000e+04 5.637758279124712724e-01
1.872000000000000000e+04 5.601655354516440477e-01
1.874000000000000000e+04 5.537137685379438512e-01
1.876000000000000000e+04 5.458706755126478960e-01
1.878000000000000000e+04 5.362495526790311828e-01
1.880000000000000000e+04 5.230235137243808285e-01
1.882000000000000000e+04 5.052910174107388963e-01
1.884000000000000000e+04 4.794512529050427574e-01
1.886000000000000000e+04 4.467227365922121773e-01
1.888000000000000000e+04 4.060567242913370456e-01
1.890000000000000000e+04 3.554206482157886704e-01
1.892000000000000000e+04 2.952841592507716717e-01
1.894000000000000000e+04 2.368131239132579557e-01
1.896000000000000000e+04 1.845631988799832646e-01
1.898000000000000000e+04 1.349588822359521489e-01
1.900000000000000000e+04 9.045232702644993850e-02
1.902000000000000000e+04 5.982301465966377574e-02
1.904000000000000000e+04 3.921663361901595729e-02
1.906000000000000000e+04 2.438971057472512707e-02
1.908000000000000000e+04 1.564038437242596183e-02
1.910000000000000000e+04 1.078667270966528376e-02
1.912000000000000000e+04 7.360109055011390504e-03
1.914000000000000000e+04 4.942985543058524799e-03
1.916000000000000000e+04 3.471508729902008511e-03
1.918000000000000000e+04 2.533554528397367889e-03
1.920000000000000000e+04 1.848367649404935057e-03
1.922000000000000000e+04 1.328558670628826426e-03
1.924000000000000000e+04 9.943809337040565664e-04
1.926000000000000000e+04 7.891584043875509878e-04
1.928000000000000000e+04 5.951221398297158521e-04
1.930000000000000000e+04 4.802150464643082403e-04
1.932000000000000000e+04 3.744653285561078712e-04
1.934000000000000000e+04 3.103778034146203947e-04
1.936000000000000000e+04 2.361631532836705417e-04
1.938000000000000000e+04 2.116776770869153025e-04
1.940000000000000000e+04 1.460972755160502758e-04
1.942000000000000000e+04 1.155772075223273471e-04
1.944000000000000000e+04 9.059974655134093340e-05
1.946000000000000000e+04 9.566208754002932283e-05
1.948000000000000000e+04 8.559221153965400157e-05
1.950000000000000000e+04 5.552072074944863945e-05
1.952000000000000000e+04 8.309880681252828196e-05
1.954000000000000000e+04 3.931465648545436655e-05
1.956000000000000000e+04 0.000000000000000000e+00
1.958000000000000000e+04 1.735491433264509695e-04
1.960000000000000000e+04 0.000000000000000000e+00
1.962000000000000000e+04 6.821455353223311736e-06
1.964000000000000000e+04 6.930033088602020679e-05
1.966000000000000000e+04 3.989131046359217336e-05
1.968000000000000000e+04 1.265807700771773433e-04
1.970000000000000000e+04 0.000000000000000000e+00
1.972000000000000000e+04 2.098082999221280887e-05
1.974000000000000000e+04 3.311949578184567782e-05
1.976000000000000000e+04 1.401119256373894987e-05
1.978000000000000000e+04 7.350159504377654052e-05
1.980000000000000000e+04 0.000000000000000000e+00
1.982000000000000000e+04 9.639936540990033252e-05
1.984000000000000000e+04 0.000000000000000000e+00
1.986000000000000000e+04 0.000000000000000000e+00
1.988000000000000000e+04 4.951708224454155408e-05
1.990000000000000000e+04 1.530411221468223610e-04
1.992000000000000000e+04 0.000000000000000000e+00
1.994000000000000000e+04 4.593500305485741258e-05
1.996000000000000000e+04 5.540139926959476295e-05
1.998000000000000000e+04 5.026403295657989390e-05
2.000000000000000000e+04 9.513016612623415328e-05
2.002000000000000000e+04 5.692662115613968403e-05
2.004000000000000000e+04 0.000000000000000000e+00
2.006000000000000000e+04 3.423127682154520551e-06
2.008000000000000000e+04 0.000000000000000000e+00
2.010000000000000000e+04 8.286296203976230019e-05
2.012000000000000000e+04 0.000000000000000000e+00
2.014000000000000000e+04 2.094701643269432053e-04
2.016000000000000000e+04 0.000000000000000000e+00
2.018000000000000000e+04 1.384910354622331927e-04
2.020000000000000000e+04 7.306320217377576922e-05
2.022000000000000000e+04 1.110469434898735564e-04
2.024000000000000000e+04 4.756932165441767150e-05
2.026000000000000000e+04 8.989393786803872525e-05
2.028000000000000000e+04 1.699950469819193124e-06
2.030000000000000000e+04 1.961473179613116083e-04
2.032000000000000000e+04 3.965806384050997815e-05
2.034000000000000000e+04 9.775753918805506378e-05
2.036000000000000000e+04 1.283275798792552565e-04
2.038000000000000000e+04 6.712607961148993395e-05
2.040000000000000000e+04 1.145549367827851340e-04
2.042000000000000000e+04 6.151386370026504073e-05
2.044000000000000000e+04 1.098710912129401607e-04
2.046000000000000000e+04 9.256806473198423010e-05
2.048000000000000000e+04 9.745432481420818302e-05
2.050000000000000000e+04 8.727467804364791228e-05
2.052000000000000000e+04 6.122327195941940081e-05
2.054000000000000000e+04 1.898027782334525714e-04
2.056000000000000000e+04 3.240183343534230274e-05
2.058000000000000000e+04 7.251512446245646064e-05
2.060000000000000000e+04 1.362391506217828087e-04
2.062000000000000000e+04 8.307631854819903772e-05
2.064000000000000000e+04 8.052568938208951900e-05
2.066000000000000000e+04 1.064151901982590421e-04
2.068000000000000000e+04 0.000000000000000000e+00
2.070000000000000000e+04 1.834584265420524966e-04
2.072000000000000000e+04 1.093169278608889061e-04
2.074000000000000000e+04 1.256530858167239641e-04
2.076000000000000000e+04 0.000000000000000000e+00
2.078000000000000000e+04 2.673799876037987840e-06
2.080000000000000000e+04 5.502567971919355093e-05
2.082000000000000000e+04 0.000000000000000000e+00
2.084000000000000000e+04 1.014406576697576877e-04
2.086000000000000000e+04 0.000000000000000000e+00
2.088000000000000000e+04 8.323194888603549046e-05
2.090000000000000000e+04 0.000000000000000000e+00
2.092000000000000000e+04 1.832122276876271144e-04
2.094000000000000000e+04 0.000000000000000000e+00
2.096000000000000000e+04 8.453579318016379485e-06
2.098000000000000000e+04 7.553709414106390052e-05
2.100000000000000000e+04 1.587661218403885448e-04
2.102000000000000000e+04 0.000000000000000000e+00
2.104000000000000000e+04 2.692168990068412256e-05
2.106000000000000000e+04 8.149819320361323502e-05
2.108000000000000000e+04 5.818132864225487318e-05
2.110000000000000000e+04 0.000000000000000000e+00
2.112000000000000000e+04 1.421109125005118714e-04
2.114000000000000000e+04 0.000000000000000000e+00
2.116000000000000000e+04 4.677030790492217490e-05
2.118000000000000000e+04 0.000000000000000000e+00
2.120000000000000000e+04 5.030891955331959111e-05
2.122000000000000000e+04 5.740206387681527210e-05
2.124000000000000000e+04 0.000000000000000000e+00
2.126000000000000000e+04 9.954732597953304049e-05
2.128000000000000000e+04 4.289460751611739520e-05
2.130000000000000000e+04 0.000000000000000000e+00
2.132000000000000000e+04 1.208728458053314101e-05
2.134000000000000000e+04 0.000000000000000000e+00
2.136000000000000000e+04 3.518113208097229267e-05
2.138000000000000000e+04 6.218537350241790649e-05
2.140000000000000000e+04 9.097480378565769206e-06
2.142000000000000000e+04 6.825589342544216478e-05
2.144000000000000000e+04 5.138923289204685990e-05
2.146000000000000000e+04 0.000000000000000000e+00
2.148000000000000000e+04 0.000000000000000000e+00
2.150000000000000000e+04 0.000000000000000000e+00
2.152000000000000000e+04 0.000000000000000000e+00
2.154000000000000000e+04 0.000000000000000000e+00
2.156000000000000000e+04 0.000000000000000000e+00
2.158000000000000000e+04 0.000000000000000000e+00
2.160000000000000000e+04 0.000000000000000000e+00
2.162000000000000000e+04 0.000000000000000000e+00
2.164000000000000000e+04 0.000000000000000000e+00
2.166000000000000000e+04 0.000000000000000000e+00
2.168000000000000000e+04 0.000000000000000000e+00
2.170000000000000000e+04 0.000000000000000000e+00
2.172000000000000000e+04 0.000000000000000000e+00
2.174000000000000000e+04 0.000000000000000000e+00
2.176000000000000000e+04 0.000000000000000000e+00
2.178000000000000000e+04 0.000000000000000000e+00
2.180000000000000000e+04 0.000000000000000000e+00
2.182000000000000000e+04 0.000000000000000000e+00
2.184000000000000000e+04 0.000000000000000000e+00
2.186000000000000000e+04 0.000000000000000000e+00
2.188000000000000000e+04 0.000000000000000000e+00
2.190000000000000000e+04 0.000000000000000000e+00
2.192000000000000000e+04 0.000000000000000000e+00
2.194000000000000000e+04 0.000000000000000000e+00
2.196000000000000000e+04 0.000000000000000000e+00
2.198000000000000000e+04 0.000000000000000000e+00
2.200000000000000000e+04 0.000000000000000000e+00
2.202000000000000000e+04 0.000000000000000000e+00
2.204000000000000000e+04 0.000000000000000000e+00
2.206000000000000000e+04 0.000000000000000000e+00
2.208000000000000000e+04 0.000000000000000000e+00
2.210000000000000000e+04 0.000000000000000000e+00
2.212000000000000000e+04 0.000000000000000000e+00
2.214000000000000000e+04 0.000000000000000000e+00
2.216000000000000000e+04 0.000000000000000000e+00
2.218000000000000000e+04 0.000000000000000000e+00
2.220000000000000000e+04 0.000000000000000000e+00
2.222000000000000000e+04 0.000000000000000000e+00
2.224000000000000000e+04 0.000000000000000000e+00
2.226000000000000000e+04 0.000000000000000000e+00
2.228000000000000000e+04 0.000000000000000000e+00
2.230000000000000000e+04 0.000000000000000000e+00
2.232000000000000000e+04 0.000000000000000000e+00
2.234000000000000000e+04 0.000000000000000000e+00
2.236000000000000000e+04 0.000000000000000000e+00
2.238000000000000000e+04 0.000000000000000000e+00
2.240000000000000000e+04 0.000000000000000000e+00
2.242000000000000000e+04 0.000000000000000000e+00
2.244000000000000000e+04 0.000000000000000000e+00
2.246000000000000000e+04 0.000000000000000000e+00
2.248000000000000000e+04 0.000000000000000000e+00
2.250000000000000000e+04 0.000000000000000000e+00
2.252000000000000000e+04 0.000000000000000000e+00
2.254000000000000000e+04 0.000000000000000000e+00
2.256000000000000000e+04 0.000000000000000000e+00
2.258000000000000000e+04 0.000000000000000000e+00
2.260000000000000000e+04 0.000000000000000000e+00
2.262000000000000000e+04 0.000000000000000000e+00
2.264000000000000000e+04 0.000000000000000000e+00
2.266000000000000000e+04 0.000000000000000000e+00
2.268000000000000000e+04 0.000000000000000000e+00
2.270000000000000000e+04 0.000000000000000000e+00
2.272000000000000000e+04 0.000000000000000000e+00
2.274000000000000000e+04 0.000000000000000000e+00
2.276000000000000000e+04 0.000000000000000000e+00
2.278000000000000000e+04 0.000000000000000000e+00
2.280000000000000000e+04 0.000000000000000000e+00
2.282000000000000000e+04 0.000000000000000000e+00
2.284000000000000000e+04 0.000000000000000000e+00
2.286000000000000000e+04 0.000000000000000000e+00
2.288000000000000000e+04 0.000000000000000000e+00
2.290000000000000000e+04 0.000000000000000000e+00
2.292000000000000000e+04 0.000000000000000000e+00
2.294000000000000000e+04 0.000000000000000000e+00
2.296000000000000000e+04 0.000000000000000000e+00
2.298000000000000000e+04 0.000000000000000000e+00
2.300000000000000000e+04 0.000000000000000000e+00
2.302000000000000000e+04 0.000000000000000000e+00
2.304000000000000000e+04 0.000000000000000000e+00
2.306000000000000000e+04 0.000000000000000000e+00
2.308000000000000000e+04 0.000000000000000000e+00
2.310000000000000000e+04 0.000000000000000000e+00
2.312000000000000000e+04 0.000000000000000000e+00
2.314000000000000000e+04 0.000000000000000000e+00
2.316000000000000000e+04 0.000000000000000000e+00
2.318000000000000000e+04 0.000000000000000000e+00
2.320000000000000000e+04 0.000000000000000000e+00
2.322000000000000000e+04 0.000000000000000000e+00
2.324000000000000000e+04 0.000000000000000000e+00
2.326000000000000000e+04 0.000000000000000000e+00
2.328000000000000000e+04 0.000000000000000000e+00
2.330000000000000000e+04 0.000000000000000000e+00
2.332000000000000000e+04 0.000000000000000000e+00
2.334000000000000000e+04 0.000000000000000000e+00
2.336000000000000000e+04 0.000000000000000000e+00
2.338000000000000000e+04 0.000000000000000000e+00
2.340000000000000000e+04 0.000000000000000000e+00
2.342000000000000000e+04 0.000000000000000000e+00
2.344000000000000000e+04 0.000000000000000000e+00
2.346000000000000000e+04 0.000000000000000000e+00
2.348000000000000000e+04 0.000000000000000000e+00
2.350000000000000000e+04 0.000000000000000000e+00
2.352000000000000000e+04 0.000000000000000000e+00
2.354000000000000000e+04 0.000000000000000000e+00
2.356000000000000000e+04 0.000000000000000000e+00
2.358000000000000000e+04 0.000000000000000000e+00
2.360000000000000000e+04 0.000000000000000000e+00
2.362000000000000000e+04 0.000000000000000000e+00
2.364000000000000000e+04 0.000000000000000000e+00
2.366000000000000000e+04 0.000000000000000000e+00
2.368000000000000000e+04 0.000000000000000000e+00
2.370000000000000000e+04 0.000000000000000000e+00
2.372000000000000000e+04 0.000000000000000000e+00
2.374000000000000000e+04 0.000000000000000000e+00
2.376000000000000000e+04 0.000000000000000000e+00
2.378000000000000000e+04 0.000000000000000000e+00
2.380000000000000000e+04 0.000000000000000000e+00
2.382000000000000000e+04 0.000000000000000000e+00
2.384000000000000000e+04 0.000000000000000000e+00
2.386000000000000000e+04 0.000000000000000000e+00
2.388000000000000000e+04 0.000000000000000000e+00
2.390000000000000000e+04 0.000000000000000000e+00
2.392000000000000000e+04 0.000000000000000000e+00
2.394000000000000000e+04 0.000000000000000000e+00
2.396000000000000000e+04 0.000000000000000000e+00
2.398000000000000000e+04 0.000000000000000000e+00
2.400000000000000000e+04 0.000000000000000000e+00
2.402000000000000000e+04 0.000000000000000000e+00
2.404000000000000000e+04 0.000000000000000000e+00
2.406000000000000000e+04 0.000000000000000000e+00
2.408000000000000000e+04 0.000000000000000000e+00
2.410000000000000000e+04 0.000000000000000000e+00
2.412000000000000000e+04 0.000000000000000000e+00
2.414000000000000000e+04 0.000000000000000000e+00
2.416000000000000000e+04 0.000000000000000000e+00
2.418000000000000000e+04 0.000000000000000000e+00
2.420000000000000000e+04 0.000000000000000000e+00
2.422000000000000000e+04 0.000000000000000000e+00
2.424000000000000000e+04 0.000000000000000000e+00
2.426000000000000000e+04 0.000000000000000000e+00
2.428000000000000000e+04 0.000000000000000000e+00
2.430000000000000000e+04 0.000000000000000000e+00
2.432000000000000000e+04 0.000000000000000000e+00
2.434000000000000000e+04 0.000000000000000000e+00
2.436000000000000000e+04 0.000000000000000000e+00
2.438000000000000000e+04 0.000000000000000000e+00
2.440000000000000000e+04 0.000000000000000000e+00
2.442000000000000000e+04 0.000000000000000000e+00
2.444000000000000000e+04 0.000000000000000000e+00
2.446000000000000000e+04 0.000000000000000000e+00
2.448000000000000000e+04 0.000000000000000000e+00
2.450000000000000000e+04 0.000000000000000000e+00
2.452000000000000000e+04 0.000000000000000000e+00
2.454000000000000000e+04 0.000000000000000000e+00
2.456000000000000000e+04 0.000000000000000000e+00
2.458000000000000000e+04 0.000000000000000000e+00
2.460000000000000000e+04 0.000000000000000000e+00
2.462000000000000000e+04 0.000000000000000000e+00
2.464000000000000000e+04 0.000000000000000000e+00
2.466000000000000000e+04 0.000000000000000000e+00
2.468000000000000000e+04 0.000000000000000000e+00
2.470000000000000000e+04 0.000000000000000000e+00
2.472000000000000000e+04 0.000000000000000000e+00
2.474000000000000000e+04 0.000000000000000000e+00
2.476000000000000000e+04 0.000000000000000000e+00
2.478000000000000000e+04 0.000000000000000000e+00
2.480000000000000000e+04 0.000000000000000000e+00
2.482000000000000000e+04 0.000000000000000000e+00
2.484000000000000000e+04 0.000000000000000000e+00
2.486000000000000000e+04 0.000000000000000000e+00
2.488000000000000000e+04 0.000000000000000000e+00
2.490000000000000000e+04 0.000000000000000000e+00
2.492000000000000000e+04 0.000000000000000000e+00
2.494000000000000000e+04 0.000000000000000000e+00
2.496000000000000000e+04 0.000000000000000000e+00
2.498000000000000000e+04 0.000000000000000000e+00
2.500000000000000000e+04 0.000000000000000000e+00
